81 101	81 116
82 102	82 116
83 104	83 118
84 105	84 118
85 106	85 119
87 107	87 120
88 109	88 121
89 110	89 122
90 111	90 123
91 112	91 123
92 114	92 125
93 115	93 125
94 116	94 126
95 117	95 127
96 119	96 128
97 120	97 129
98 121	98 130
99 122	99 130
100 124	100 132
101 125	101 132
102 126	102 133
103 127	103 134
104 129	104 135
105 130	105 136
106 131	106 137
107 132	107 137
108 134	108 139
109 135	109 139
110 136	110 140
111 137	111 141
112 139	112 142
113 140	113 143
114 141	114 144
115 143	115 145
116 144	116 146
117 145	117 146
118 146	118 147
119 148	119 149
120 149	120 149
121 150	121 150
122 151	122 151
123 153	123 152
124 154	124 153
125 155	125 154
126 156	126 154
127 158	127 156
128 159	128 156
130 160	130 157
131 161	131 158
132 163	132 159
133 164	133 160
134 165	134 161
135 166	135 161
136 168	136 163
137 169	137 163
138 170	138 164
139 171	139 165
140 173	140 166
141 174	141 167
142 175	142 168
143 176	143 168
144 178	144 170
145 179	145 171
146 180	146 171
147 181	147 172
148 183	148 173
149 184	149 174
150 185	150 175
151 186	151 176
152 188	152 177
153 189	153 178
154 190	154 178
155 191	155 179
156 193	156 181
157 194	157 181
158 195	158 182
159 196	159 183
160 198	160 184
161 199	161 185
162 200	162 186
163 201	163 186
164 203	164 188
165 204	165 188
166 205	166 189
167 206	167 190
168 208	168 191
169 209	169 192
170 210	170 193
171 211	171 194
173 213	173 195
174 214	174 196
175 215	175 196
176 216	176 197
177 218	177 199
178 219	178 199
179 220	179 200
180 221	180 201
181 223	181 202
182 224	182 203
183 225	183 204
184 226	184 204
185 228	185 206
186 229	186 207
187 230	187 207
188 231	188 208
189 233	189 209
190 234	190 210
191 235	191 211
192 236	192 212
193 238	193 213
194 239	194 214
195 240	195 214
196 241	196 215
197 243	197 217
198 244	198 217
199 245	199 218
200 246	200 219
201 248	201 220
202 249	202 221
203 250	203 222
204 251	204 222
205 253	205 224
206 254	206 225
207 255	207 225
208 256	208 226
209 258	209 228
210 259	210 228
211 260	211 229
212 261	212 230
213 263	213 231
214 264	214 232
216 265	216 233
217 266	217 233
218 268	218 235
219 269	219 236
220 270	220 236
221 271	221 237
222 273	222 239
223 274	223 239
224 275	224 240
225 276	225 241
226 278	226 242
227 279	227 243
228 280	228 244
229 281	229 244
230 283	230 246
231 284	231 247
232 285	232 247
233 286	233 248
234 288	234 250
235 289	235 250
236 290	236 251
237 291	237 252
238 293	238 253
239 294	239 254
240 295	240 255
241 296	241 255
242 298	242 257
243 299	243 258
244 300	244 258
245 301	245 259
246 303	246 261
247 304	247 261
248 305	248 262
249 306	249 263
250 308	250 264
251 309	251 265
252 310	252 266
253 311	253 267
254 313	254 268
255 314	255 269
256 315	256 270
257 316	257 270
259 318	259 272
260 319	260 272
261 320	261 273
262 321	262 274
263 322	263 275
264 324	264 276
265 325	265 277
266 326	266 278
267 327	267 278
268 329	268 280
269 330	269 281
270 331	270 281
271 332	271 282
272 334	272 284
273 335	273 284
274 336	274 285
275 337	275 286
276 339	276 287
277 340	277 288
278 341	278 289
279 342	279 290
280 344	280 291
281 345	281 292
282 346	282 293
283 347	283 293
284 349	284 295
285 350	285 296
286 351	286 296
287 352	287 297
288 354	288 299
289 355	289 299
290 356	290 300
291 357	291 301
292 359	292 302
293 360	293 303
294 361	294 304
295 362	295 305
296 364	296 306
297 365	297 307
298 366	298 308
299 367	299 308
300 369	300 310
302 370	302 311
303 371	303 311
304 372	304 312
305 374	305 314
306 375	306 314
307 376	307 315
308 377	308 316
309 379	309 317
310 380	310 318
311 381	311 319
312 382	312 320
313 384	313 321
314 385	314 322
315 386	315 323
316 387	316 323
317 389	317 325
318 390	318 326
319 391	319 326
320 392	320 327
321 394	321 329
322 395	322 329
323 396	323 330
324 397	324 331
325 399	325 332
326 400	326 333
327 401	327 334
328 402	328 335
329 404	329 336
330 405	330 337
331 406	331 338
332 407	332 339
333 409	333 340
334 410	334 341
335 411	335 342
336 412	336 342
337 414	337 344
338 415	338 345
339 416	339 345
340 417	340 346
341 419	341 348
342 420	342 348
343 421	343 349
345 422	345 350
346 424	346 351
347 425	347 352
348 426	348 353
349 427	349 354
350 429	350 355
351 430	351 356
352 431	352 357
353 432	353 358
354 434	354 359
355 435	355 360
356 436	356 361
357 437	357 361
358 439	358 363
359 440	359 364
360 441	360 364
361 442	361 365
362 444	362 367
363 445	363 367
364 446	364 368
365 447	365 369
366 448	366 370
367 450	367 371
368 451	368 372
369 452	369 373
370 453	370 374
371 455	371 375
372 456	372 376
373 457	373 377
374 458	374 377
375 460	375 379
376 461	376 380
377 462	377 380
378 463	378 381
379 465	379 383
380 466	380 384
381 467	381 384
382 468	382 385
383 470	383 387
384 471	384 387
385 472	385 388
386 473	386 389
388 475	388 390
389 476	389 391
390 477	390 392
391 478	391 393
392 480	392 394
393 481	393 395
394 482	394 396
395 483	395 397
396 485	396 398
397 486	397 399
398 487	398 400
399 488	399 401
400 490	400 402
401 491	401 403
402 492	402 404
403 493	403 404
404 495	404 406
405 496	405 407
406 497	406 407
407 498	407 408
408 500	408 410
409 501	409 411
410 502	410 411
411 503	411 412
412 505	412 414
413 506	413 414
414 507	414 415
415 508	415 416
416 510	416 418
417 511	417 418
418 512	418 419
419 513	419 420
420 514	420 421
421 516	421 422
422 517	422 423
423 518	423 424
424 519	424 425
425 521	425 426
426 522	426 427
427 523	427 428
428 524	428 428
429 526	429 430
430 527	430 431
432 528	432 432
433 529	433 432
434 531	434 434
435 532	435 435
436 533	436 435
437 534	437 436
438 536	438 438
439 537	439 439
440 538	440 439
441 539	441 440
442 541	442 442
443 542	443 442
444 543	444 443
445 544	445 444
446 546	446 446
447 547	447 446
448 548	448 447
449 549	449 448
450 551	450 450
451 552	451 450
452 553	452 451
453 554	453 452
454 556	454 453
455 557	455 454
456 558	456 455
457 559	457 456
458 560	458 457
459 562	459 458
460 563	460 459
461 564	461 460
462 565	462 460
463 567	463 462
464 568	464 463
465 569	465 464
466 570	466 464
467 572	467 466
468 573	468 467
469 574	469 468
470 575	470 468
471 577	471 470
472 578	472 471
473 579	473 471
475 580	475 472
476 582	476 474
477 583	477 475
478 584	478 475
479 585	479 476
480 587	480 478
481 588	481 479
482 589	482 479
483 590	483 480
484 592	484 482
485 593	485 483
486 594	486 483
487 595	487 484
488 597	488 486
489 598	489 486
490 599	490 487
491 600	491 488
492 601	492 489
493 603	493 490
494 604	494 491
495 605	495 492
496 606	496 493
497 608	497 494
498 609	498 495
499 610	499 496
500 611	500 497
501 613	501 498
502 614	502 499
503 615	503 500
504 616	504 501
505 618	505 502
506 619	506 503
507 620	507 504
508 621	508 505
509 623	509 506
510 624	510 507
511 625	511 508
512 626	512 509
513 628	513 510
514 629	514 511
515 630	515 512
516 631	516 513
518 633	518 514
519 634	519 515
520 635	520 516
521 636	521 517
522 637	522 517
523 639	523 519
524 640	524 520
525 641	525 521
526 642	526 521
527 644	527 523
528 645	528 524
529 646	529 525
530 647	530 525
531 649	531 527
532 650	532 528
533 651	533 529
534 652	534 529
535 654	535 531
536 655	536 532
537 656	537 533
538 657	538 533
539 659	539 535
540 660	540 536
541 661	541 537
542 662	542 537
543 664	543 539
544 665	544 540
545 666	545 541
546 667	546 541
547 668	547 542
548 670	548 544
549 671	549 545
550 672	550 545
551 673	551 546
552 675	552 548
553 676	553 549
554 677	554 549
555 678	555 550
556 680	556 552
557 681	557 553
558 682	558 553
559 683	559 554
561 685	561 556
562 686	562 557
563 687	563 557
564 688	564 558
565 690	565 560
566 691	566 561
567 692	567 561
568 693	568 562
569 694	569 563
570 696	570 565
571 697	571 565
572 698	572 566
573 699	573 567
574 701	574 569
575 702	575 569
576 703	576 570
577 704	577 571
578 706	578 573
579 707	579 573
580 708	580 574
581 709	581 575
582 711	582 577
583 712	583 577
584 713	584 578
585 714	585 579
586 716	586 581
587 717	587 582
588 718	588 582
589 719	589 583
590 720	590 584
591 722	591 586
592 723	592 586
593 724	593 587
594 725	594 588
595 727	595 590
596 728	596 590
597 729	597 591
598 730	598 592
599 732	599 594
600 733	600 594
601 734	601 595
602 735	602 596
604 737	604 598
605 738	605 599
606 739	606 599
607 740	607 600
608 741	608 601
609 743	609 603
610 744	610 603
611 745	611 604
612 746	612 605
613 748	613 607
614 749	614 607
615 750	615 608
616 751	616 609
617 753	617 611
618 754	618 611
619 755	619 612
620 756	620 613
621 758	621 615
622 759	622 616
623 760	623 616
624 761	624 617
625 763	625 619
626 764	626 620
627 765	627 620
628 766	628 621
629 767	629 622
630 769	630 624
631 770	631 625
632 771	632 625
633 772	633 626
634 774	634 628
635 775	635 629
636 776	636 629
637 777	637 630
638 779	638 632
639 780	639 633
640 781	640 633
641 782	641 634
642 784	642 636
643 785	643 637
644 786	644 638
645 787	645 638
647 788	647 639
648 790	648 641
649 791	649 642
650 792	650 642
651 793	651 643
652 795	652 645
653 796	653 646
654 797	654 647
655 798	655 647
656 800	656 649
657 801	657 650
658 802	658 651
659 803	659 651
660 804	660 652
661 806	661 654
662 807	662 655
663 808	663 656
664 809	664 656
665 811	665 658
666 812	666 659
667 813	667 660
668 814	668 660
669 816	669 662
670 817	670 663
671 818	671 664
672 819	672 665
673 821	673 666
674 822	674 667
675 823	675 668
676 824	676 669
677 825	677 669
678 827	678 671
679 828	679 672
680 829	680 673
681 830	681 674
682 832	682 675
683 833	683 676
684 834	684 677
685 835	685 678
686 837	686 679
687 838	687 680
688 839	688 681
690 840	690 682
691 841	691 683
692 843	692 684
693 844	693 685
694 845	694 686
695 846	695 687
696 848	696 688
697 849	697 689
698 850	698 690
699 851	699 691
700 853	700 693
701 854	701 693
702 855	702 694
703 856	703 695
704 857	704 696
705 859	705 697
706 860	706 698
707 861	707 699
708 862	708 700
709 864	709 702
710 865	710 702
711 866	711 703
712 867	712 704
713 869	713 706
714 870	714 707
715 871	715 707
716 872	716 708
717 873	717 709
718 875	718 711
719 876	719 712
720 877	720 712
721 878	721 713
722 880	722 715
723 881	723 716
724 882	724 716
725 883	725 717
726 885	726 719
727 886	727 720
728 887	728 721
729 888	729 721
730 889	730 722
731 891	731 724
733 892	733 725
734 893	734 726
735 894	735 726
736 896	736 728
737 897	737 729
738 898	738 730
739 899	739 731
740 901	740 732
741 902	741 733
742 903	742 734
743 904	743 735
744 905	744 736
745 907	745 737
746 908	746 738
747 909	747 739
748 910	748 740
749 912	749 741
750 913	750 742
751 914	751 743
752 915	752 744
753 917	753 746
754 918	754 746
755 919	755 747
756 920	756 748
757 921	757 749
758 923	758 751
759 924	759 751
760 925	760 752
761 926	761 753
762 928	762 755
763 929	763 756
764 930	764 756
765 931	765 757
766 932	766 758
767 934	767 760
768 935	768 761
769 936	769 761
770 937	770 762
771 939	771 764
772 940	772 765
773 941	773 766
774 942	774 766
776 944	776 768
777 945	777 769
778 946	778 770
779 947	779 771
780 948	780 771
781 950	781 773
782 951	782 774
783 952	783 775
784 953	784 776
785 955	785 777
786 956	786 778
787 957	787 779
788 958	788 780
789 959	789 781
790 961	790 782
791 962	791 783
792 963	792 784
793 964	793 785
794 966	794 786
795 967	795 787
796 968	796 788
797 969	797 789
798 971	798 791
799 972	799 791
800 973	800 792
801 974	801 793
802 975	802 794
803 977	803 796
804 978	804 796
805 979	805 797
806 980	806 798
807 982	807 800
808 983	808 801
809 984	809 801
810 985	810 802
811 986	811 803
812 988	812 805
813 989	813 806
814 990	814 807
815 991	815 807
816 993	816 809
817 994	817 810
818 995	818 811
820 996	820 812
821 997	821 812
822 999	822 814
823 1000	823 815
824 1001	824 816
825 1002	825 817
826 1004	826 818
827 1005	827 819
828 1006	828 820
829 1007	829 821
830 1008	830 822
831 1010	831 823
832 1011	832 824
833 1012	833 825
834 1013	834 826
835 1015	835 828
836 1016	836 828
837 1017	837 829
838 1018	838 830
839 1019	839 831
840 1021	840 833
841 1022	841 833
842 1023	842 834
843 1024	843 835
844 1026	844 837
845 1027	845 838
846 1028	846 838
847 1029	847 839
848 1030	848 840
849 1032	849 842
850 1033	850 843
851 1034	851 844
852 1035	852 844
853 1037	853 846
854 1038	854 847
855 1039	855 848
856 1040	856 849
857 1041	857 849
858 1043	858 851
859 1044	859 852
860 1045	860 853
861 1046	861 854
863 1048	863 855
864 1049	864 856
865 1050	865 857
866 1051	866 858
867 1052	867 859
868 1054	868 860
869 1055	869 861
870 1056	870 862
871 1057	871 863
872 1059	872 865
873 1060	873 866
874 1061	874 866
875 1062	875 867
876 1063	876 868
877 1065	877 870
878 1066	878 871
879 1067	879 871
880 1068	880 872
881 1070	881 874
882 1071	882 875
883 1072	883 876
884 1073	884 877
885 1074	885 877
886 1076	886 879
887 1077	887 880
888 1078	888 881
889 1079	889 882
890 1081	890 883
891 1082	891 884
892 1083	892 885
893 1084	893 886
894 1085	894 887
895 1087	895 888
896 1088	896 889
897 1089	897 890
898 1090	898 891
899 1092	899 893
900 1093	900 894
901 1094	901 894
902 1095	902 895
903 1096	903 896
904 1098	904 898
906 1099	906 899
907 1100	907 899
908 1101	908 900
909 1102	909 901
910 1104	910 903
911 1105	911 904
912 1106	912 905
913 1107	913 905
914 1109	914 907
915 1110	915 908
916 1111	916 909
917 1112	917 910
918 1113	918 911
919 1115	919 912
920 1116	920 913
921 1117	921 914
922 1118	922 915
923 1120	923 916
924 1121	924 917
925 1122	925 918
926 1123	926 919
927 1124	927 920
928 1126	928 922
929 1127	929 922
930 1128	930 923
931 1129	931 924
932 1130	932 925
933 1132	933 927
934 1133	934 928
935 1134	935 928
936 1135	936 929
937 1137	937 931
938 1138	938 932
939 1139	939 933
940 1140	940 934
941 1141	941 934
942 1143	942 936
943 1144	943 937
944 1145	944 938
945 1146	945 939
946 1147	946 940
947 1149	947 941
949 1150	949 942
950 1151	950 943
951 1152	951 944
952 1154	952 945
953 1155	953 946
954 1156	954 947
955 1157	955 948
956 1158	956 949
957 1160	957 951
958 1161	958 951
959 1162	959 952
960 1163	960 953
961 1165	961 955
962 1166	962 956
963 1167	963 957
964 1168	964 957
965 1169	965 958
966 1171	966 960
967 1172	967 961
968 1173	968 962
969 1174	969 963
970 1175	970 963
971 1177	971 965
972 1178	972 966
973 1179	973 967
974 1180	974 968
975 1181	975 969
976 1183	976 970
977 1184	977 971
978 1185	978 972
979 1186	979 973
980 1188	980 975
981 1189	981 975
982 1190	982 976
983 1191	983 977
984 1192	984 978
985 1194	985 980
986 1195	986 981
987 1196	987 981
988 1197	988 982
989 1198	989 983
990 1200	990 985
992 1201	992 986
993 1202	993 987
994 1203	994 987
995 1205	995 989
996 1206	996 990
997 1207	997 991
998 1208	998 992
999 1209	999 993
1000 1211	1000 994
1001 1212	1001 995
1002 1213	1002 996
1003 1214	1003 997
1004 1215	1004 998
1005 1217	1005 999
1006 1218	1006 1000
1007 1219	1007 1001
1008 1220	1008 1002
1009 1221	1009 1003
1010 1223	1010 1005
1011 1224	1011 1006
1012 1225	1012 1006
1013 1226	1013 1007
1014 1228	1014 1009
1015 1229	1015 1010
1016 1230	1016 1011
1017 1231	1017 1012
1018 1232	1018 1012
1019 1234	1019 1014
1020 1235	1020 1015
1021 1236	1021 1016
1022 1237	1022 1017
1023 1238	1023 1018
1024 1240	1024 1019
1025 1241	1025 1020
1026 1242	1026 1021
1027 1243	1027 1022
1028 1244	1028 1023
1029 1246	1029 1024
1030 1247	1030 1025
1031 1248	1031 1026
1032 1249	1032 1027
1033 1251	1033 1029
1035 1252	1035 1030
1036 1253	1036 1030
1037 1254	1037 1031
1038 1255	1038 1032
1039 1257	1039 1034
1040 1258	1040 1035
1041 1259	1041 1036
1042 1260	1042 1037
1043 1261	1043 1037
1044 1263	1044 1039
1045 1264	1045 1040
1046 1265	1046 1041
1047 1266	1047 1042
1048 1267	1048 1043
1049 1269	1049 1044
1050 1270	1050 1045
1051 1271	1051 1046
1052 1272	1052 1047
1053 1273	1053 1048
1054 1275	1054 1049
1055 1276	1055 1050
1056 1277	1056 1051
1057 1278	1057 1052
1058 1280	1058 1054
1059 1281	1059 1055
1060 1282	1060 1056
1061 1283	1061 1056
1062 1284	1062 1057
1063 1286	1063 1059
1064 1287	1064 1060
1065 1288	1065 1061
1066 1289	1066 1062
1067 1290	1067 1062
1068 1292	1068 1064
1069 1293	1069 1065
1070 1294	1070 1066
1071 1295	1071 1067
1072 1296	1072 1068
1073 1298	1073 1069
1074 1299	1074 1070
1075 1300	1075 1071
1076 1301	1076 1072
1078 1302	1078 1073
1079 1304	1079 1075
1080 1305	1080 1075
1081 1306	1081 1076
1082 1307	1082 1077
1083 1308	1083 1078
1084 1310	1084 1080
1085 1311	1085 1081
1086 1312	1086 1081
1087 1313	1087 1082
1088 1314	1088 1083
1089 1316	1089 1085
1090 1317	1090 1086
1091 1318	1091 1087
1092 1319	1092 1088
1093 1320	1093 1088
1094 1322	1094 1090
1095 1323	1095 1091
1096 1324	1096 1092
1097 1325	1097 1093
1098 1326	1098 1094
1099 1328	1099 1095
1100 1329	1100 1096
1101 1330	1101 1097
1102 1331	1102 1098
1103 1333	1103 1100
1104 1334	1104 1101
1105 1335	1105 1101
1106 1336	1106 1102
1107 1337	1107 1103
1108 1339	1108 1105
1109 1340	1109 1106
1110 1341	1110 1107
1111 1342	1111 1108
1112 1343	1112 1108
1113 1345	1113 1110
1114 1346	1114 1111
1115 1347	1115 1112
1116 1348	1116 1113
1117 1349	1117 1114
1118 1351	1118 1115
1119 1352	1119 1116
1121 1353	1121 1117
1122 1354	1122 1118
1123 1355	1123 1119
1124 1357	1124 1121
1125 1358	1125 1121
1126 1359	1126 1122
1127 1360	1127 1123
1128 1361	1128 1124
1129 1363	1129 1126
1130 1364	1130 1127
1131 1365	1131 1128
1132 1366	1132 1128
1133 1367	1133 1129
1134 1369	1134 1131
1135 1370	1135 1132
1136 1371	1136 1133
1137 1372	1137 1134
1138 1373	1138 1134
1139 1375	1139 1136
1140 1376	1140 1137
1141 1377	1141 1138
1142 1378	1142 1139
1143 1379	1143 1140
1144 1381	1144 1141
1145 1382	1145 1142
1146 1383	1146 1143
1147 1384	1147 1144
1148 1385	1148 1145
1149 1387	1149 1147
1150 1388	1150 1148
1151 1389	1151 1148
1152 1390	1152 1149
1153 1391	1153 1150
1154 1393	1154 1152
1155 1394	1155 1153
1156 1395	1156 1154
1157 1396	1157 1155
1158 1397	1158 1155
1159 1399	1159 1157
1160 1400	1160 1158
1161 1401	1161 1159
1162 1402	1162 1160
1164 1403	1164 1161
1165 1405	1165 1162
1166 1406	1166 1163
1167 1407	1167 1164
1168 1408	1168 1165
1169 1409	1169 1166
1170 1411	1170 1168
1171 1412	1171 1168
1172 1413	1172 1169
1173 1414	1173 1170
1174 1415	1174 1171
1175 1416	1175 1172
1176 1418	1176 1174
1177 1419	1177 1175
1178 1420	1178 1175
1179 1421	1179 1176
1180 1422	1180 1177
1181 1424	1181 1179
1182 1425	1182 1180
1183 1426	1183 1181
1184 1427	1184 1182
1185 1428	1185 1182
1186 1430	1186 1184
1187 1431	1187 1185
1188 1432	1188 1186
1189 1433	1189 1187
1190 1434	1190 1188
1191 1436	1191 1189
1192 1437	1192 1190
1193 1438	1193 1191
1194 1439	1194 1192
1195 1440	1195 1193
1196 1442	1196 1195
1197 1443	1197 1196
1198 1444	1198 1196
1199 1445	1199 1197
1200 1446	1200 1198
1201 1448	1201 1200
1202 1449	1202 1201
1203 1450	1203 1202
1204 1451	1204 1203
1205 1452	1205 1203
1207 1454	1207 1205
1208 1455	1208 1206
1209 1456	1209 1207
1210 1457	1210 1208
1211 1458	1211 1209
1212 1460	1212 1210
1213 1461	1213 1211
1214 1462	1214 1212
1215 1463	1215 1213
1216 1464	1216 1214
1217 1465	1217 1215
1218 1467	1218 1217
1219 1468	1219 1217
1220 1469	1220 1218
1221 1470	1221 1219
1222 1471	1222 1220
1223 1473	1223 1222
1224 1474	1224 1223
1225 1475	1225 1224
1226 1476	1226 1224
1227 1477	1227 1225
1228 1479	1228 1227
1229 1480	1229 1228
1230 1481	1230 1229
1231 1482	1231 1230
1232 1483	1232 1231
1233 1485	1233 1232
1234 1486	1234 1233
1235 1487	1235 1234
1236 1488	1236 1235
1237 1489	1237 1236
1238 1491	1238 1238
1239 1492	1239 1239
1240 1493	1240 1239
1241 1494	1241 1240
1242 1495	1242 1241
1243 1496	1243 1242
1244 1498	1244 1244
1245 1499	1245 1245
1246 1500	1246 1246
1247 1501	1247 1246
1248 1502	1248 1247
1249 1504	1249 1249
1251 1505	1251 1250
1252 1506	1252 1251
1253 1507	1253 1252
1254 1508	1254 1253
1255 1510	1255 1254
1256 1511	1256 1255
1257 1512	1257 1256
1258 1513	1258 1257
1259 1514	1259 1258
1260 1515	1260 1259
1261 1517	1261 1260
1262 1518	1262 1261
1263 1519	1263 1262
1264 1520	1264 1263
1265 1521	1265 1264
1266 1523	1266 1266
1267 1524	1267 1267
1268 1525	1268 1268
1269 1526	1269 1268
1270 1527	1270 1269
1271 1529	1271 1271
1272 1530	1272 1272
1273 1531	1273 1273
1274 1532	1274 1274
1275 1533	1275 1275
1276 1535	1276 1276
1277 1536	1277 1277
1278 1537	1278 1278
1279 1538	1279 1279
1280 1539	1280 1280
1281 1540	1281 1281
1282 1542	1282 1282
1283 1543	1283 1283
1284 1544	1284 1284
1285 1545	1285 1285
1286 1546	1286 1286
1287 1548	1287 1288
1288 1549	1288 1289
1289 1550	1289 1290
1290 1551	1290 1290
1291 1552	1291 1291
1292 1553	1292 1292
1294 1555	1294 1294
1295 1556	1295 1295
1296 1557	1296 1296
1297 1558	1297 1297
1298 1559	1298 1297
1299 1561	1299 1299
1300 1562	1300 1300
1301 1563	1301 1301
1302 1564	1302 1302
1303 1565	1303 1303
1304 1567	1304 1305
1305 1568	1305 1305
1306 1569	1306 1306
1307 1570	1307 1307
1308 1571	1308 1308
1309 1572	1309 1309
1310 1574	1310 1311
1311 1575	1311 1312
1312 1576	1312 1312
1313 1577	1313 1313
1314 1578	1314 1314
1315 1580	1315 1316
1316 1581	1316 1317
1317 1582	1317 1318
1318 1583	1318 1319
1319 1584	1319 1320
1320 1585	1320 1320
1321 1587	1321 1322
1322 1588	1322 1323
1323 1589	1323 1324
1324 1590	1324 1325
1325 1591	1325 1326
1326 1593	1326 1327
1327 1594	1327 1328
1328 1595	1328 1329
1329 1596	1329 1330
1330 1597	1330 1331
1331 1598	1331 1332
1332 1600	1332 1334
1333 1601	1333 1335
1334 1602	1334 1335
1335 1603	1335 1336
1337 1604	1337 1337
1338 1606	1338 1339
1339 1607	1339 1340
1340 1608	1340 1341
1341 1609	1341 1342
1342 1610	1342 1342
1343 1611	1343 1343
1344 1613	1344 1345
1345 1614	1345 1346
1346 1615	1346 1347
1347 1616	1347 1348
1348 1617	1348 1349
1349 1619	1349 1350
1350 1620	1350 1351
1351 1621	1351 1352
1352 1622	1352 1353
1353 1623	1353 1354
1354 1624	1354 1355
1355 1626	1355 1357
1356 1627	1356 1358
1357 1628	1357 1358
1358 1629	1358 1359
1359 1630	1359 1360
1360 1632	1360 1362
1361 1633	1361 1363
1362 1634	1362 1364
1363 1635	1363 1365
1364 1636	1364 1365
1365 1637	1365 1366
1366 1639	1366 1368
1367 1640	1367 1369
1368 1641	1368 1370
1369 1642	1369 1371
1370 1643	1370 1372
1371 1644	1371 1373
1372 1646	1372 1374
1373 1647	1373 1375
1374 1648	1374 1376
1375 1649	1375 1377
1376 1650	1376 1378
1377 1652	1377 1380
1378 1653	1378 1381
1380 1654	1380 1381
1381 1655	1381 1382
1382 1656	1382 1383
1383 1657	1383 1384
1384 1659	1384 1386
1385 1660	1385 1387
1386 1661	1386 1388
1387 1662	1387 1389
1388 1663	1388 1389
1389 1664	1389 1390
1390 1666	1390 1392
1391 1667	1391 1393
1392 1668	1392 1394
1393 1669	1393 1395
1394 1670	1394 1396
1395 1672	1395 1397
1396 1673	1396 1398
1397 1674	1397 1399
1398 1675	1398 1400
1399 1676	1399 1401
1400 1677	1400 1402
1401 1679	1401 1404
1402 1680	1402 1404
1403 1681	1403 1405
1404 1682	1404 1406
1405 1683	1405 1407
1406 1684	1406 1408
1407 1686	1407 1410
1408 1687	1408 1411
1409 1688	1409 1412
1410 1689	1410 1412
1411 1690	1411 1413
1412 1692	1412 1415
1413 1693	1413 1416
1414 1694	1414 1417
1415 1695	1415 1418
1416 1696	1416 1419
1417 1697	1417 1420
1418 1699	1418 1421
1419 1700	1419 1422
1420 1701	1420 1423
1421 1702	1421 1424
1423 1703	1423 1425
1424 1704	1424 1426
1425 1706	1425 1428
1426 1707	1426 1428
1427 1708	1427 1429
1428 1709	1428 1430
1429 1710	1429 1431
1430 1711	1430 1432
1431 1713	1431 1434
1432 1714	1432 1435
1433 1715	1433 1436
1434 1716	1434 1436
1435 1717	1435 1437
1436 1718	1436 1438
1437 1720	1437 1440
1438 1721	1438 1441
1439 1722	1439 1442
1440 1723	1440 1443
1441 1724	1441 1444
1442 1726	1442 1445
1443 1727	1443 1446
1444 1728	1444 1447
1445 1729	1445 1448
1446 1730	1446 1449
1447 1731	1447 1450
1448 1733	1448 1452
1449 1734	1449 1452
1450 1735	1450 1453
1451 1736	1451 1454
1452 1737	1452 1455
1453 1738	1453 1456
1454 1740	1454 1458
1455 1741	1455 1459
1456 1742	1456 1460
1457 1743	1457 1460
1458 1744	1458 1461
1459 1745	1459 1462
1460 1747	1460 1464
1461 1748	1461 1465
1462 1749	1462 1466
1463 1750	1463 1467
1464 1751	1464 1468
1466 1752	1466 1468
1467 1754	1467 1470
1468 1755	1468 1471
1469 1756	1469 1472
1470 1757	1470 1473
1471 1758	1471 1474
1472 1759	1472 1475
1473 1761	1473 1476
1474 1762	1474 1477
1475 1763	1475 1478
1476 1764	1476 1479
1477 1765	1477 1480
1478 1766	1478 1481
1479 1768	1479 1483
1480 1769	1480 1484
1481 1770	1481 1485
1482 1771	1482 1485
1483 1772	1483 1486
1484 1773	1484 1487
1485 1775	1485 1489
1486 1776	1486 1490
1487 1777	1487 1491
1488 1778	1488 1492
1489 1779	1489 1493
1490 1780	1490 1493
1491 1782	1491 1495
1492 1783	1492 1496
1493 1784	1493 1497
1494 1785	1494 1498
1495 1786	1495 1499
1496 1787	1496 1500
1497 1789	1497 1501
1498 1790	1498 1502
1499 1791	1499 1503
1500 1792	1500 1504
1501 1793	1501 1505
1502 1794	1502 1506
1503 1796	1503 1508
1504 1797	1504 1509
1505 1798	1505 1509
1506 1799	1506 1510
1507 1800	1507 1511
1509 1801	1509 1512
1510 1803	1510 1514
1511 1804	1511 1515
1512 1805	1512 1516
1513 1806	1513 1517
1514 1807	1514 1518
1515 1808	1515 1518
1516 1809	1516 1519
1517 1811	1517 1521
1518 1812	1518 1522
1519 1813	1519 1523
1520 1814	1520 1524
1521 1815	1521 1525
1522 1816	1522 1526
1523 1818	1523 1527
1524 1819	1524 1528
1525 1820	1525 1529
1526 1821	1526 1530
1527 1822	1527 1531
1528 1823	1528 1532
1529 1825	1529 1534
1530 1826	1530 1534
1531 1827	1531 1535
1532 1828	1532 1536
1533 1829	1533 1537
1534 1830	1534 1538
1535 1832	1535 1540
1536 1833	1536 1541
1537 1834	1537 1542
1538 1835	1538 1543
1539 1836	1539 1543
1540 1837	1540 1544
1541 1839	1541 1546
1542 1840	1542 1547
1543 1841	1543 1548
1544 1842	1544 1549
1545 1843	1545 1550
1546 1844	1546 1551
1547 1845	1547 1551
1548 1847	1548 1553
1549 1848	1549 1554
1550 1849	1550 1555
1552 1850	1552 1556
1553 1851	1553 1557
1554 1852	1554 1558
1555 1854	1555 1560
1556 1855	1556 1560
1557 1856	1557 1561
1558 1857	1558 1562
1559 1858	1559 1563
1560 1859	1560 1564
1561 1861	1561 1566
1562 1862	1562 1567
1563 1863	1563 1568
1564 1864	1564 1568
1565 1865	1565 1569
1566 1866	1566 1570
1567 1867	1567 1571
1568 1869	1568 1573
1569 1870	1569 1574
1570 1871	1570 1575
1571 1872	1571 1576
1572 1873	1572 1577
1573 1874	1573 1577
1574 1876	1574 1579
1575 1877	1575 1580
1576 1878	1576 1581
1577 1879	1577 1582
1578 1880	1578 1583
1579 1881	1579 1584
1580 1883	1580 1586
1581 1884	1581 1586
1582 1885	1582 1587
1583 1886	1583 1588
1584 1887	1584 1589
1585 1888	1585 1590
1586 1889	1586 1591
1587 1891	1587 1593
1588 1892	1588 1594
1589 1893	1589 1594
1590 1894	1590 1595
1591 1895	1591 1596
1592 1896	1592 1597
1593 1898	1593 1599
1595 1899	1595 1600
1596 1900	1596 1601
1597 1901	1597 1602
1598 1902	1598 1603
1599 1903	1599 1603
1600 1904	1600 1604
1601 1906	1601 1606
1602 1907	1602 1607
1603 1908	1603 1608
1604 1909	1604 1609
1605 1910	1605 1610
1606 1911	1606 1611
1607 1913	1607 1612
1608 1914	1608 1613
1609 1915	1609 1614
1610 1916	1610 1615
1611 1917	1611 1616
1612 1918	1612 1617
1613 1919	1613 1618
1614 1921	1614 1620
1615 1922	1615 1620
1616 1923	1616 1621
1617 1924	1617 1622
1618 1925	1618 1623
1619 1926	1619 1624
1620 1927	1620 1625
1621 1929	1621 1627
1622 1930	1622 1628
1623 1931	1623 1629
1624 1932	1624 1629
1625 1933	1625 1630
1626 1934	1626 1631
1627 1936	1627 1633
1628 1937	1628 1634
1629 1938	1629 1635
1630 1939	1630 1636
1631 1940	1631 1637
1632 1941	1632 1638
1633 1942	1633 1638
1634 1944	1634 1640
1635 1945	1635 1641
1636 1946	1636 1642
1637 1947	1637 1643
1639 1948	1639 1644
1640 1949	1640 1645
1641 1950	1641 1646
1642 1952	1642 1647
1643 1953	1643 1648
1644 1954	1644 1649
1645 1955	1645 1650
1646 1956	1646 1651
1647 1957	1647 1652
1648 1959	1648 1654
1649 1960	1649 1655
1650 1961	1650 1656
1651 1962	1651 1656
1652 1963	1652 1657
1653 1964	1653 1658
1654 1965	1654 1659
1655 1967	1655 1661
1656 1968	1656 1662
1657 1969	1657 1663
1658 1970	1658 1664
1659 1971	1659 1665
1660 1972	1660 1665
1661 1973	1661 1666
1662 1975	1662 1668
1663 1976	1663 1669
1664 1977	1664 1670
1665 1978	1665 1671
1666 1979	1666 1672
1667 1980	1667 1673
1668 1981	1668 1674
1669 1983	1669 1675
1670 1984	1670 1676
1671 1985	1671 1677
1672 1986	1672 1678
1673 1987	1673 1679
1674 1988	1674 1680
1675 1989	1675 1681
1676 1991	1676 1683
1677 1992	1677 1683
1678 1993	1678 1684
1679 1994	1679 1685
1680 1995	1680 1686
1682 1996	1682 1687
1683 1997	1683 1688
1684 1999	1684 1690
1685 2000	1685 1691
1686 2001	1686 1692
1687 2002	1687 1692
1688 2003	1688 1693
1689 2004	1689 1694
1690 2005	1690 1695
1691 2007	1691 1697
1692 2008	1692 1698
1693 2009	1693 1699
1694 2010	1694 1700
1695 2011	1695 1701
1696 2012	1696 1701
1697 2013	1697 1702
1698 2015	1698 1704
1699 2016	1699 1705
1700 2017	1700 1706
1701 2018	1701 1707
1702 2019	1702 1708
1703 2020	1703 1709
1704 2021	1704 1710
1705 2023	1705 1711
1706 2024	1706 1712
1707 2025	1707 1713
1708 2026	1708 1714
1709 2027	1709 1715
1710 2028	1710 1716
1711 2029	1711 1717
1712 2031	1712 1719
1713 2032	1713 1720
1714 2033	1714 1720
1715 2034	1715 1721
1716 2035	1716 1722
1717 2036	1717 1723
1718 2037	1718 1724
1719 2039	1719 1726
1720 2040	1720 1727
1721 2041	1721 1728
1722 2042	1722 1729
1723 2043	1723 1729
1725 2044	1725 1730
1726 2045	1726 1731
1727 2047	1727 1733
1728 2048	1728 1734
1729 2049	1729 1735
1730 2050	1730 1736
1731 2051	1731 1737
1732 2052	1732 1738
1733 2053	1733 1738
1734 2055	1734 1740
1735 2056	1735 1741
1736 2057	1736 1742
1737 2058	1737 1743
1738 2059	1738 1744
1739 2060	1739 1745
1740 2061	1740 1746
1741 2062	1741 1747
1742 2064	1742 1748
1743 2065	1743 1749
1744 2066	1744 1750
1745 2067	1745 1751
1746 2068	1746 1752
1747 2069	1747 1753
1748 2070	1748 1754
1749 2072	1749 1756
1750 2073	1750 1757
1751 2074	1751 1757
1752 2075	1752 1758
1753 2076	1753 1759
1754 2077	1754 1760
1755 2078	1755 1761
1756 2080	1756 1763
1757 2081	1757 1764
1758 2082	1758 1765
1759 2083	1759 1766
1760 2084	1760 1767
1761 2085	1761 1767
1762 2086	1762 1768
1763 2087	1763 1769
1764 2089	1764 1771
1765 2090	1765 1772
1766 2091	1766 1773
1768 2092	1768 1774
1769 2093	1769 1775
1770 2094	1770 1776
1771 2095	1771 1776
1772 2097	1772 1778
1773 2098	1773 1779
1774 2099	1774 1780
1775 2100	1775 1781
1776 2101	1776 1782
1777 2102	1777 1783
1778 2103	1778 1784
1779 2104	1779 1785
1780 2106	1780 1786
1781 2107	1781 1787
1782 2108	1782 1788
1783 2109	1783 1789
1784 2110	1784 1790
1785 2111	1785 1791
1786 2112	1786 1792
1787 2114	1787 1794
1788 2115	1788 1795
1789 2116	1789 1795
1790 2117	1790 1796
1791 2118	1791 1797
1792 2119	1792 1798
1793 2120	1793 1799
1794 2121	1794 1800
1795 2123	1795 1802
1796 2124	1796 1803
1797 2125	1797 1804
1798 2126	1798 1805
1799 2127	1799 1805
1800 2128	1800 1806
1801 2129	1801 1807
1802 2130	1802 1808
1803 2132	1803 1810
1804 2133	1804 1811
1805 2134	1805 1812
1806 2135	1806 1813
1807 2136	1807 1814
1808 2137	1808 1815
1809 2138	1809 1815
1811 2139	1811 1816
1812 2141	1812 1818
1813 2142	1813 1819
1814 2143	1814 1820
1815 2144	1815 1821
1816 2145	1816 1822
1817 2146	1817 1823
1818 2147	1818 1824
1819 2149	1819 1825
1820 2150	1820 1826
1821 2151	1821 1827
1822 2152	1822 1828
1823 2153	1823 1829
1824 2154	1824 1830
1825 2155	1825 1831
1826 2156	1826 1832
1827 2158	1827 1834
1828 2159	1828 1835
1829 2160	1829 1835
1830 2161	1830 1836
1831 2162	1831 1837
1832 2163	1832 1838
1833 2164	1833 1839
1834 2165	1834 1840
1835 2167	1835 1842
1836 2168	1836 1843
1837 2169	1837 1844
1838 2170	1838 1844
1839 2171	1839 1845
1840 2172	1840 1846
1841 2173	1841 1847
1842 2174	1842 1848
1843 2176	1843 1850
1844 2177	1844 1851
1845 2178	1845 1852
1846 2179	1846 1853
1847 2180	1847 1854
1848 2181	1848 1855
1849 2182	1849 1855
1850 2183	1850 1856
1851 2185	1851 1858
1852 2186	1852 1859
1854 2187	1854 1860
1855 2188	1855 1861
1856 2189	1856 1862
1857 2190	1857 1863
1858 2191	1858 1864
1859 2192	1859 1865
1860 2194	1860 1866
1861 2195	1861 1867
1862 2196	1862 1868
1863 2197	1863 1869
1864 2198	1864 1870
1865 2199	1865 1871
1866 2200	1866 1872
1867 2201	1867 1873
1868 2202	1868 1874
1869 2204	1869 1875
1870 2205	1870 1876
1871 2206	1871 1877
1872 2207	1872 1878
1873 2208	1873 1879
1874 2209	1874 1880
1875 2210	1875 1881
1876 2211	1876 1882
1877 2213	1877 1884
1878 2214	1878 1885
1879 2215	1879 1885
1880 2216	1880 1886
1881 2217	1881 1887
1882 2218	1882 1888
1883 2219	1883 1889
1884 2220	1884 1890
1885 2222	1885 1892
1886 2223	1886 1893
1887 2224	1887 1894
1888 2225	1888 1895
1889 2226	1889 1895
1890 2227	1890 1896
1891 2228	1891 1897
1892 2229	1892 1898
1893 2230	1893 1899
1894 2232	1894 1901
1895 2233	1895 1902
1897 2234	1897 1903
1898 2235	1898 1904
1899 2236	1899 1905
1900 2237	1900 1906
1901 2238	1901 1906
1902 2239	1902 1907
1903 2241	1903 1909
1904 2242	1904 1910
1905 2243	1905 1911
1906 2244	1906 1912
1907 2245	1907 1913
1908 2246	1908 1914
1909 2247	1909 1915
1910 2248	1910 1916
1911 2249	1911 1916
1912 2251	1912 1918
1913 2252	1913 1919
1914 2253	1914 1920
1915 2254	1915 1921
1916 2255	1916 1922
1917 2256	1917 1923
1918 2257	1918 1924
1919 2258	1919 1925
1920 2259	1920 1926
1921 2261	1921 1927
1922 2262	1922 1928
1923 2263	1923 1929
1924 2264	1924 1930
1925 2265	1925 1931
1926 2266	1926 1932
1927 2267	1927 1933
1928 2268	1928 1934
1929 2270	1929 1936
1930 2271	1930 1937
1931 2272	1931 1937
1932 2273	1932 1938
1933 2274	1933 1939
1934 2275	1934 1940
1935 2276	1935 1941
1936 2277	1936 1942
1937 2278	1937 1943
1938 2280	1938 1945
1940 2281	1940 1946
1941 2282	1941 1947
1942 2283	1942 1948
1943 2284	1943 1948
1944 2285	1944 1949
1945 2286	1945 1950
1946 2287	1946 1951
1947 2288	1947 1952
1948 2290	1948 1954
1949 2291	1949 1955
1950 2292	1950 1956
1951 2293	1951 1957
1952 2294	1952 1958
1953 2295	1953 1959
1954 2296	1954 1959
1955 2297	1955 1960
1956 2298	1956 1961
1957 2300	1957 1963
1958 2301	1958 1964
1959 2302	1959 1965
1960 2303	1960 1966
1961 2304	1961 1967
1962 2305	1962 1968
1963 2306	1963 1969
1964 2307	1964 1970
1965 2308	1965 1970
1966 2310	1966 1972
1967 2311	1967 1973
1968 2312	1968 1974
1969 2313	1969 1975
1970 2314	1970 1976
1971 2315	1971 1977
1972 2316	1972 1978
1973 2317	1973 1979
1974 2318	1974 1980
1975 2319	1975 1981
1976 2321	1976 1982
1977 2322	1977 1983
1978 2323	1978 1984
1979 2324	1979 1985
1980 2325	1980 1986
1981 2326	1981 1987
1983 2327	1983 1988
1984 2328	1984 1989
1985 2329	1985 1990
1986 2331	1986 1992
1987 2332	1987 1992
1988 2333	1988 1993
1989 2334	1989 1994
1990 2335	1990 1995
1991 2336	1991 1996
1992 2337	1992 1997
1993 2338	1993 1998
1994 2339	1994 1999
1995 2341	1995 2001
1996 2342	1996 2002
1997 2343	1997 2003
1998 2344	1998 2003
1999 2345	1999 2004
2000 2346	2000 2005
2001 2347	2001 2006
2002 2348	2002 2007
2003 2349	2003 2008
2004 2350	2004 2009
2005 2352	2005 2011
2006 2353	2006 2012
2007 2354	2007 2013
2008 2355	2008 2014
2009 2356	2009 2014
2010 2357	2010 2015
2011 2358	2011 2016
2012 2359	2012 2017
2013 2360	2013 2018
2014 2361	2014 2019
2015 2363	2015 2021
2016 2364	2016 2022
2017 2365	2017 2023
2018 2366	2018 2024
2019 2367	2019 2025
2020 2368	2020 2026
2021 2369	2021 2026
2022 2370	2022 2027
2023 2371	2023 2028
2024 2373	2024 2030
2026 2374	2026 2031
2027 2375	2027 2032
2028 2376	2028 2033
2029 2377	2029 2034
2030 2378	2030 2035
2031 2379	2031 2036
2032 2380	2032 2037
2033 2381	2033 2037
2034 2382	2034 2038
2035 2384	2035 2040
2036 2385	2036 2041
2037 2386	2037 2042
2038 2387	2038 2043
2039 2388	2039 2044
2040 2389	2040 2045
2041 2390	2041 2046
2042 2391	2042 2047
2043 2392	2043 2048
2044 2393	2044 2049
2045 2395	2045 2050
2046 2396	2046 2051
2047 2397	2047 2052
2048 2398	2048 2053
2049 2399	2049 2054
2050 2400	2050 2055
2051 2401	2051 2056
2052 2402	2052 2057
2053 2403	2053 2058
2054 2404	2054 2059
2055 2405	2055 2060
2056 2407	2056 2061
2057 2408	2057 2062
2058 2409	2058 2063
2059 2410	2059 2064
2060 2411	2060 2065
2061 2412	2061 2066
2062 2413	2062 2067
2063 2414	2063 2068
2064 2415	2064 2069
2065 2416	2065 2070
2066 2418	2066 2072
2067 2419	2067 2073
2068 2420	2068 2073
2070 2421	2070 2074
2071 2422	2071 2075
2072 2423	2072 2076
2073 2424	2073 2077
2074 2425	2074 2078
2075 2426	2075 2079
2076 2427	2076 2080
2077 2429	2077 2082
2078 2430	2078 2083
2079 2431	2079 2084
2080 2432	2080 2085
2081 2433	2081 2085
2082 2434	2082 2086
2083 2435	2083 2087
2084 2436	2084 2088
2085 2437	2085 2089
2086 2438	2086 2090
2087 2439	2087 2091
2088 2441	2088 2093
2089 2442	2089 2094
2090 2443	2090 2095
2091 2444	2091 2096
2092 2445	2092 2097
2093 2446	2093 2097
2094 2447	2094 2098
2095 2448	2095 2099
2096 2449	2096 2100
2097 2450	2097 2101
2098 2451	2098 2102
2099 2453	2099 2104
2100 2454	2100 2105
2101 2455	2101 2106
2102 2456	2102 2107
2103 2457	2103 2108
2104 2458	2104 2109
2105 2459	2105 2109
2106 2460	2106 2110
2107 2461	2107 2111
2108 2462	2108 2112
2109 2463	2109 2113
2110 2465	2110 2115
2111 2466	2111 2116
2113 2467	2113 2117
2114 2468	2114 2118
2115 2469	2115 2119
2116 2470	2116 2120
2117 2471	2117 2121
2118 2472	2118 2122
2119 2473	2119 2122
2120 2474	2120 2123
2121 2475	2121 2124
2122 2477	2122 2126
2123 2478	2123 2127
2124 2479	2124 2128
2125 2480	2125 2129
2126 2481	2126 2130
2127 2482	2127 2131
2128 2483	2128 2132
2129 2484	2129 2133
2130 2485	2130 2134
2131 2486	2131 2135
2132 2487	2132 2135
2133 2488	2133 2136
2134 2490	2134 2138
2135 2491	2135 2139
2136 2492	2136 2140
2137 2493	2137 2141
2138 2494	2138 2142
2139 2495	2139 2143
2140 2496	2140 2144
2141 2497	2141 2145
2142 2498	2142 2146
2143 2499	2143 2147
2144 2500	2144 2148
2145 2502	2145 2149
2146 2503	2146 2150
2147 2504	2147 2151
2148 2505	2148 2152
2149 2506	2149 2153
2150 2507	2150 2154
2151 2508	2151 2155
2152 2509	2152 2156
2153 2510	2153 2157
2154 2511	2154 2158
2156 2512	2156 2159
2157 2513	2157 2160
2158 2515	2158 2161
2159 2516	2159 2162
2160 2517	2160 2163
2161 2518	2161 2164
2162 2519	2162 2165
2163 2520	2163 2166
2164 2521	2164 2167
2165 2522	2165 2168
2166 2523	2166 2169
2167 2524	2167 2170
2168 2525	2168 2171
2169 2526	2169 2172
2170 2528	2170 2174
2171 2529	2171 2174
2172 2530	2172 2175
2173 2531	2173 2176
2174 2532	2174 2177
2175 2533	2175 2178
2176 2534	2176 2179
2177 2535	2177 2180
2178 2536	2178 2181
2179 2537	2179 2182
2180 2538	2180 2183
2181 2539	2181 2184
2182 2541	2182 2186
2183 2542	2183 2187
2184 2543	2184 2188
2185 2544	2185 2188
2186 2545	2186 2189
2187 2546	2187 2190
2188 2547	2188 2191
2189 2548	2189 2192
2190 2549	2190 2193
2191 2550	2191 2194
2192 2551	2192 2195
2193 2552	2193 2196
2194 2553	2194 2197
2195 2555	2195 2199
2196 2556	2196 2200
2197 2557	2197 2201
2199 2558	2199 2202
2200 2559	2200 2202
2201 2560	2201 2203
2202 2561	2202 2204
2203 2562	2203 2205
2204 2563	2204 2206
2205 2564	2205 2207
2206 2565	2206 2208
2207 2566	2207 2209
2208 2567	2208 2210
2209 2569	2209 2212
2210 2570	2210 2213
2211 2571	2211 2214
2212 2572	2212 2215
2213 2573	2213 2216
2214 2574	2214 2216
2215 2575	2215 2217
2216 2576	2216 2218
2217 2577	2217 2219
2218 2578	2218 2220
2219 2579	2219 2221
2220 2580	2220 2222
2221 2581	2221 2223
2222 2583	2222 2225
2223 2584	2223 2226
2224 2585	2224 2227
2225 2586	2225 2228
2226 2587	2226 2229
2227 2588	2227 2230
2228 2589	2228 2231
2229 2590	2229 2231
2230 2591	2230 2232
2231 2592	2231 2233
2232 2593	2232 2234
2233 2594	2233 2235
2234 2595	2234 2236
2235 2597	2235 2238
2236 2598	2236 2239
2237 2599	2237 2240
2238 2600	2238 2241
2239 2601	2239 2242
2240 2602	2240 2243
2242 2603	2242 2244
2243 2604	2243 2245
2244 2605	2244 2246
2245 2606	2245 2246
2246 2607	2246 2247
2247 2608	2247 2248
2248 2609	2248 2249
2249 2610	2249 2250
2250 2612	2250 2252
2251 2613	2251 2253
2252 2614	2252 2254
2253 2615	2253 2255
2254 2616	2254 2256
2255 2617	2255 2257
2256 2618	2256 2258
2257 2619	2257 2259
2258 2620	2258 2260
2259 2621	2259 2261
2260 2622	2260 2261
2261 2623	2261 2262
2262 2624	2262 2263
2263 2625	2263 2264
2264 2627	2264 2266
2265 2628	2265 2267
2266 2629	2266 2268
2267 2630	2267 2269
2268 2631	2268 2270
2269 2632	2269 2271
2270 2633	2270 2272
2271 2634	2271 2273
2272 2635	2272 2274
2273 2636	2273 2275
2274 2637	2274 2276
2275 2638	2275 2276
2276 2639	2276 2277
2277 2640	2277 2278
2278 2641	2278 2279
2279 2643	2279 2281
2280 2644	2280 2282
2281 2645	2281 2283
2282 2646	2282 2284
2283 2647	2283 2285
2285 2648	2285 2286
2286 2649	2286 2287
2287 2650	2287 2288
2288 2651	2288 2289
2289 2652	2289 2290
2290 2653	2290 2291
2291 2654	2291 2292
2292 2655	2292 2293
2293 2656	2293 2293
2294 2657	2294 2294
2295 2659	2295 2296
2296 2660	2296 2297
2297 2661	2297 2298
2298 2662	2298 2299
2299 2663	2299 2300
2300 2664	2300 2301
2301 2665	2301 2302
2302 2666	2302 2303
2303 2667	2303 2304
2304 2668	2304 2305
2305 2669	2305 2306
2306 2670	2306 2307
2307 2671	2307 2308
2308 2672	2308 2309
2309 2673	2309 2309
2310 2674	2310 2310
2311 2676	2311 2312
2312 2677	2312 2313
2313 2678	2313 2314
2314 2679	2314 2315
2315 2680	2315 2316
2316 2681	2316 2317
2317 2682	2317 2318
2318 2683	2318 2319
2319 2684	2319 2320
2320 2685	2320 2321
2321 2686	2321 2322
2322 2687	2322 2323
2323 2688	2323 2324
2324 2689	2324 2325
2325 2690	2325 2326
2326 2691	2326 2326
2328 2693	2328 2328
2329 2694	2329 2329
2330 2695	2330 2330
2331 2696	2331 2331
2332 2697	2332 2332
2333 2698	2333 2333
2334 2699	2334 2334
2335 2700	2335 2335
2336 2701	2336 2336
2337 2702	2337 2337
2338 2703	2338 2338
2339 2704	2339 2339
2340 2705	2340 2340
2341 2706	2341 2341
2342 2707	2342 2342
2343 2708	2343 2343
2344 2709	2344 2344
2345 2711	2345 2345
2346 2712	2346 2346
2347 2713	2347 2347
2348 2714	2348 2348
2349 2715	2349 2349
2350 2716	2350 2350
2351 2717	2351 2351
2352 2718	2352 2352
2353 2719	2353 2353
2354 2720	2354 2354
2355 2721	2355 2355
2356 2722	2356 2356
2357 2723	2357 2357
2358 2724	2358 2358
2359 2725	2359 2359
2360 2726	2360 2360
2361 2727	2361 2361
2362 2729	2362 2363
2363 2730	2363 2363
2364 2731	2364 2364
2365 2732	2365 2365
2366 2733	2366 2366
2367 2734	2367 2367
2368 2735	2368 2368
2369 2736	2369 2369
2371 2737	2371 2370
2372 2738	2372 2371
2373 2739	2373 2372
2374 2740	2374 2373
2375 2741	2375 2374
2376 2742	2376 2375
2377 2743	2377 2376
2378 2744	2378 2377
2379 2745	2379 2378
2380 2746	2380 2379
2381 2748	2381 2381
2382 2749	2382 2382
2383 2750	2383 2382
2384 2751	2384 2383
2385 2752	2385 2384
2386 2753	2386 2385
2387 2754	2387 2386
2388 2755	2388 2387
2389 2756	2389 2388
2390 2757	2390 2389
2391 2758	2391 2390
2392 2759	2392 2391
2393 2760	2393 2392
2394 2761	2394 2393
2395 2762	2395 2394
2396 2763	2396 2395
2397 2764	2397 2396
2398 2765	2398 2397
2399 2766	2399 2398
2400 2767	2400 2399
2401 2769	2401 2401
2402 2770	2402 2402
2403 2771	2403 2403
2404 2772	2404 2403
2405 2773	2405 2404
2406 2774	2406 2405
2407 2775	2407 2406
2408 2776	2408 2407
2409 2777	2409 2408
2410 2778	2410 2409
2411 2779	2411 2410
2412 2780	2412 2411
2414 2781	2414 2412
2415 2782	2415 2413
2416 2783	2416 2414
2417 2784	2417 2415
2418 2785	2418 2416
2419 2786	2419 2417
2420 2787	2420 2418
2421 2788	2421 2419
2422 2790	2422 2421
2423 2791	2423 2422
2424 2792	2424 2423
2425 2793	2425 2424
2426 2794	2426 2425
2427 2795	2427 2425
2428 2796	2428 2426
2429 2797	2429 2427
2430 2798	2430 2428
2431 2799	2431 2429
2432 2800	2432 2430
2433 2801	2433 2431
2434 2802	2434 2432
2435 2803	2435 2433
2436 2804	2436 2434
2437 2805	2437 2435
2438 2806	2438 2436
2439 2807	2439 2437
2440 2808	2440 2438
2441 2809	2441 2439
2442 2810	2442 2440
2443 2812	2443 2442
2444 2813	2444 2443
2445 2814	2445 2444
2446 2815	2446 2445
2447 2816	2447 2446
2448 2817	2448 2447
2449 2818	2449 2448
2450 2819	2450 2448
2451 2820	2451 2449
2452 2821	2452 2450
2453 2822	2453 2451
2454 2823	2454 2452
2455 2824	2455 2453
2457 2825	2457 2454
2458 2826	2458 2455
2459 2827	2459 2456
2460 2828	2460 2457
2461 2829	2461 2458
2462 2830	2462 2459
2463 2831	2463 2460
2464 2832	2464 2461
2465 2833	2465 2462
2466 2834	2466 2463
2467 2835	2467 2464
2468 2837	2468 2466
2469 2838	2469 2467
2470 2839	2470 2468
2471 2840	2471 2469
2472 2841	2472 2470
2473 2842	2473 2471
2474 2843	2474 2472
2475 2844	2475 2473
2476 2845	2476 2474
2477 2846	2477 2474
2478 2847	2478 2475
2479 2848	2479 2476
2480 2849	2480 2477
2481 2850	2481 2478
2482 2851	2482 2479
2483 2852	2483 2480
2484 2853	2484 2481
2485 2854	2485 2482
2486 2855	2486 2483
2487 2856	2487 2484
2488 2857	2488 2485
2489 2858	2489 2486
2490 2859	2490 2487
2491 2860	2491 2488
2492 2861	2492 2489
2493 2863	2493 2491
2494 2864	2494 2492
2495 2865	2495 2493
2496 2866	2496 2494
2497 2867	2497 2495
2498 2868	2498 2496
2499 2869	2499 2497
2501 2870	2501 2498
2502 2871	2502 2499
2503 2872	2503 2500
2504 2873	2504 2501
2505 2874	2505 2502
2506 2875	2506 2503
2507 2876	2507 2503
2508 2877	2508 2504
2509 2878	2509 2505
2510 2879	2510 2506
2511 2880	2511 2507
2512 2881	2512 2508
2513 2882	2513 2509
2514 2883	2514 2510
2515 2884	2515 2511
2516 2885	2516 2512
2517 2886	2517 2513
2518 2887	2518 2514
2519 2888	2519 2515
2520 2889	2520 2516
2521 2890	2521 2517
2522 2892	2522 2519
2523 2893	2523 2520
2524 2894	2524 2521
2525 2895	2525 2522
2526 2896	2526 2523
2527 2897	2527 2524
2528 2898	2528 2525
2529 2899	2529 2526
2530 2900	2530 2527
2531 2901	2531 2528
2532 2902	2532 2529
2533 2903	2533 2530
2534 2904	2534 2531
2535 2905	2535 2532
2536 2906	2536 2533
2537 2907	2537 2534
2538 2908	2538 2535
2539 2909	2539 2536
2540 2910	2540 2536
2541 2911	2541 2537
2542 2912	2542 2538
2544 2913	2544 2539
2545 2914	2545 2540
2546 2915	2546 2541
2547 2916	2547 2542
2548 2917	2548 2543
2549 2918	2549 2544
2550 2919	2550 2545
2551 2920	2551 2546
2552 2921	2552 2547
2553 2922	2553 2548
2554 2924	2554 2550
2555 2925	2555 2551
2556 2926	2556 2552
2557 2927	2557 2553
2558 2928	2558 2554
2559 2929	2559 2555
2560 2930	2560 2556
2561 2931	2561 2557
2562 2932	2562 2558
2563 2933	2563 2559
2564 2934	2564 2560
2565 2935	2565 2561
2566 2936	2566 2562
2567 2937	2567 2563
2568 2938	2568 2564
2569 2939	2569 2565
2570 2940	2570 2566
2571 2941	2571 2567
2572 2942	2572 2568
2573 2943	2573 2569
2574 2944	2574 2570
2575 2945	2575 2571
2576 2946	2576 2572
2577 2947	2577 2573
2578 2948	2578 2574
2579 2949	2579 2575
2580 2950	2580 2576
2581 2951	2581 2576
2582 2952	2582 2577
2583 2953	2583 2578
2584 2954	2584 2579
2585 2955	2585 2580
2587 2956	2587 2581
2588 2957	2588 2582
2589 2958	2589 2583
2590 2959	2590 2584
2591 2960	2591 2585
2592 2962	2592 2587
2593 2963	2593 2588
2594 2964	2594 2589
2595 2965	2595 2590
2596 2966	2596 2591
2597 2967	2597 2592
2598 2968	2598 2593
2599 2969	2599 2594
2600 2970	2600 2595
2601 2971	2601 2596
2602 2972	2602 2597
2603 2973	2603 2598
2604 2974	2604 2599
2605 2975	2605 2600
2606 2976	2606 2601
2607 2977	2607 2602
2608 2978	2608 2603
2609 2979	2609 2604
2610 2980	2610 2605
2611 2981	2611 2606
2612 2982	2612 2607
2613 2983	2613 2608
2614 2984	2614 2609
2615 2985	2615 2610
2616 2986	2616 2611
2617 2987	2617 2612
2618 2988	2618 2613
2619 2989	2619 2614
2620 2990	2620 2615
2621 2991	2621 2616
2622 2992	2622 2617
2623 2993	2623 2618
2624 2994	2624 2619
2625 2995	2625 2620
2626 2996	2626 2621
2627 2997	2627 2622
2628 2998	2628 2623
2630 2999	2630 2624
2631 3000	2631 2625
2632 3001	2632 2626
2633 3002	2633 2627
2634 3003	2634 2628
2635 3004	2635 2629
2636 3005	2636 2630
2637 3006	2637 2631
2638 3007	2638 2632
2639 3008	2639 2633
2640 3009	2640 2634
2641 3011	2641 2636
2642 3012	2642 2637
2643 3013	2643 2638
2644 3014	2644 2639
2645 3015	2645 2639
2646 3016	2646 2640
2647 3017	2647 2641
2648 3018	2648 2642
2649 3019	2649 2643
2650 3020	2650 2644
2651 3021	2651 2645
2652 3022	2652 2646
2653 3023	2653 2647
2654 3024	2654 2648
2655 3025	2655 2649
2656 3026	2656 2650
2657 3027	2657 2651
2658 3028	2658 2652
2659 3029	2659 2653
2660 3030	2660 2654
2661 3031	2661 2655
2662 3032	2662 2656
2663 3033	2663 2657
2664 3034	2664 2658
2665 3035	2665 2659
2666 3036	2666 2660
2667 3037	2667 2661
2668 3038	2668 2662
2669 3039	2669 2663
2670 3040	2670 2664
2671 3041	2671 2665
2673 3042	2673 2666
2674 3043	2674 2667
2675 3044	2675 2668
2676 3045	2676 2669
2677 3046	2677 2670
2678 3047	2678 2671
2679 3048	2679 2672
2680 3049	2680 2673
2681 3050	2681 2674
2682 3051	2682 2675
2683 3052	2683 2676
2684 3053	2684 2677
2685 3054	2685 2678
2686 3055	2686 2679
2687 3056	2687 2680
2688 3057	2688 2681
2689 3058	2689 2682
2690 3059	2690 2683
2691 3060	2691 2684
2692 3061	2692 2685
2693 3062	2693 2686
2694 3063	2694 2687
2695 3064	2695 2688
2696 3065	2696 2689
2697 3066	2697 2690
2698 3067	2698 2691
2699 3068	2699 2692
2700 3069	2700 2693
2701 3070	2701 2694
2702 3071	2702 2695
2703 3072	2703 2696
2704 3073	2704 2697
2705 3074	2705 2698
2706 3075	2706 2699
2707 3076	2707 2700
2708 3077	2708 2701
2709 3078	2709 2702
2710 3079	2710 2703
2711 3080	2711 2704
2712 3081	2712 2705
2713 3082	2713 2706
2714 3083	2714 2707
2716 3084	2716 2708
2717 3085	2717 2709
2718 3086	2718 2710
2719 3087	2719 2711
2720 3088	2720 2712
2721 3089	2721 2713
2722 3090	2722 2714
2723 3091	2723 2715
2724 3092	2724 2716
2725 3093	2725 2717
2726 3094	2726 2718
2727 3095	2727 2719
2728 3096	2728 2720
2729 3097	2729 2721
2730 3098	2730 2722
2731 3099	2731 2723
2732 3100	2732 2724
2733 3101	2733 2725
2734 3102	2734 2726
2735 3103	2735 2727
2736 3105	2736 2729
2737 3106	2737 2730
2738 3107	2738 2731
2739 3108	2739 2732
2740 3109	2740 2733
2741 3110	2741 2734
2742 3111	2742 2735
2743 3112	2743 2736
2744 3113	2744 2737
2745 3114	2745 2738
2746 3115	2746 2739
2747 3116	2747 2740
2748 3117	2748 2741
2749 3118	2749 2742
2750 3119	2750 2743
2751 3120	2751 2744
2752 3121	2752 2745
2753 3122	2753 2746
2754 3123	2754 2747
2755 3124	2755 2748
2756 3125	2756 2749
2757 3126	2757 2750
2759 3127	2759 2751
2760 3128	2760 2752
2761 3129	2761 2753
2762 3130	2762 2754
2763 3131	2763 2756
2764 3132	2764 2757
2765 3133	2765 2758
2766 3134	2766 2759
2767 3135	2767 2760
2768 3136	2768 2761
2769 3137	2769 2762
2770 3138	2770 2763
2771 3139	2771 2764
2772 3140	2772 2765
2773 3141	2773 2766
2774 3142	2774 2767
2775 3143	2775 2768
2776 3144	2776 2769
2777 3145	2777 2770
2778 3146	2778 2771
2779 3147	2779 2772
2780 3148	2780 2773
2781 3149	2781 2774
2782 3150	2782 2775
2783 3151	2783 2776
2784 3152	2784 2777
2785 3153	2785 2778
2786 3154	2786 2779
2787 3155	2787 2780
2788 3156	2788 2781
2789 3157	2789 2782
2790 3158	2790 2783
2791 3159	2791 2784
2792 3160	2792 2785
2793 3161	2793 2786
2794 3162	2794 2787
2795 3162	2795 2787
2796 3163	2796 2788
2797 3164	2797 2789
2798 3165	2798 2790
2799 3166	2799 2791
2800 3167	2800 2792
2802 3168	2802 2793
2803 3169	2803 2794
2804 3170	2804 2795
2805 3171	2805 2796
2806 3172	2806 2797
2807 3173	2807 2798
2808 3174	2808 2799
2809 3175	2809 2800
2810 3176	2810 2801
2811 3177	2811 2802
2812 3178	2812 2803
2813 3179	2813 2804
2814 3180	2814 2805
2815 3181	2815 2806
2816 3182	2816 2807
2817 3183	2817 2808
2818 3184	2818 2809
2819 3185	2819 2810
2820 3186	2820 2811
2821 3187	2821 2812
2822 3188	2822 2813
2823 3189	2823 2815
2824 3190	2824 2816
2825 3191	2825 2817
2826 3192	2826 2818
2827 3193	2827 2819
2828 3194	2828 2820
2829 3195	2829 2821
2830 3196	2830 2822
2831 3197	2831 2823
2832 3198	2832 2824
2833 3199	2833 2825
2834 3200	2834 2826
2835 3201	2835 2827
2836 3202	2836 2828
2837 3203	2837 2829
2838 3204	2838 2830
2839 3205	2839 2831
2840 3206	2840 2832
2841 3207	2841 2833
2842 3208	2842 2834
2843 3209	2843 2835
2845 3210	2845 2836
2846 3211	2846 2837
2847 3212	2847 2838
2848 3213	2848 2839
2849 3214	2849 2840
2850 3215	2850 2841
2851 3216	2851 2842
2852 3217	2852 2843
2853 3218	2853 2844
2854 3219	2854 2845
2855 3220	2855 2846
2856 3221	2856 2847
2857 3222	2857 2848
2858 3223	2858 2849
2859 3224	2859 2850
2860 3225	2860 2851
2861 3226	2861 2853
2862 3227	2862 2854
2863 3228	2863 2855
2864 3229	2864 2856
2865 3230	2865 2857
2866 3231	2866 2858
2867 3232	2867 2859
2868 3233	2868 2860
2869 3234	2869 2861
2870 3235	2870 2862
2871 3236	2871 2863
2872 3237	2872 2864
2873 3238	2873 2865
2874 3239	2874 2866
2875 3240	2875 2867
2876 3241	2876 2868
2877 3242	2877 2869
2878 3243	2878 2870
2879 3244	2879 2871
2880 3245	2880 2872
2881 3246	2881 2873
2882 3247	2882 2874
2883 3248	2883 2875
2884 3249	2884 2876
2885 3250	2885 2877
2886 3251	2886 2878
2887 3252	2887 2879
2889 3253	2889 2880
2890 3254	2890 2881
2891 3254	2891 2881
2892 3255	2892 2883
2893 3256	2893 2884
2894 3257	2894 2885
2895 3258	2895 2886
2896 3259	2896 2887
2897 3260	2897 2888
2898 3261	2898 2889
2899 3262	2899 2890
2900 3263	2900 2891
2901 3264	2901 2892
2902 3265	2902 2893
2903 3266	2903 2894
2904 3267	2904 2895
2905 3268	2905 2896
2906 3269	2906 2897
2907 3270	2907 2898
2908 3271	2908 2899
2909 3272	2909 2900
2910 3273	2910 2901
2911 3274	2911 2902
2912 3275	2912 2903
2913 3276	2913 2904
2914 3277	2914 2905
2915 3278	2915 2906
2916 3279	2916 2908
2917 3280	2917 2909
2918 3281	2918 2910
2919 3282	2919 2911
2920 3283	2920 2912
2921 3284	2921 2913
2922 3285	2922 2914
2923 3286	2923 2915
2924 3287	2924 2916
2925 3288	2925 2917
2926 3289	2926 2918
2927 3290	2927 2919
2928 3291	2928 2920
2929 3292	2929 2921
2930 3293	2930 2922
2932 3294	2932 2923
2933 3295	2933 2924
2934 3296	2934 2925
2935 3297	2935 2926
2936 3298	2936 2927
2937 3299	2937 2928
2938 3300	2938 2930
2939 3301	2939 2931
2940 3302	2940 2932
2941 3302	2941 2932
2942 3303	2942 2933
2943 3304	2943 2934
2944 3305	2944 2935
2945 3306	2945 2936
2946 3307	2946 2937
2947 3308	2947 2938
2948 3309	2948 2939
2949 3310	2949 2940
2950 3311	2950 2941
2951 3312	2951 2942
2952 3313	2952 2943
2953 3314	2953 2944
2954 3315	2954 2945
2955 3316	2955 2946
2956 3317	2956 2947
2957 3318	2957 2948
2958 3319	2958 2949
2959 3320	2959 2951
2960 3321	2960 2952
2961 3322	2961 2953
2962 3323	2962 2954
2963 3324	2963 2955
2964 3325	2964 2956
2965 3326	2965 2957
2966 3327	2966 2958
2967 3328	2967 2959
2968 3329	2968 2960
2969 3330	2969 2961
2970 3331	2970 2962
2971 3332	2971 2963
2972 3333	2972 2964
2973 3334	2973 2965
2975 3335	2975 2966
2976 3336	2976 2967
2977 3337	2977 2969
2978 3338	2978 2970
2979 3338	2979 2970
2980 3339	2980 2971
2981 3340	2981 2972
2982 3341	2982 2973
2983 3342	2983 2974
2984 3343	2984 2975
2985 3344	2985 2976
2986 3345	2986 2977
2987 3346	2987 2978
2988 3347	2988 2979
2989 3348	2989 2980
2990 3349	2990 2981
2991 3350	2991 2982
2992 3351	2992 2983
2993 3352	2993 2984
2994 3353	2994 2985
2995 3354	2995 2987
2996 3355	2996 2988
2997 3356	2997 2989
2998 3357	2998 2990
2999 3358	2999 2991
3000 3359	3000 2992
3001 3360	3001 2993
3002 3361	3002 2994
3003 3362	3003 2995
3004 3363	3004 2996
3005 3364	3005 2997
3006 3365	3006 2998
3007 3366	3007 2999
3008 3367	3008 3000
3009 3368	3009 3001
3010 3369	3010 3003
3011 3369	3011 3003
3012 3370	3012 3004
3013 3371	3013 3005
3014 3372	3014 3006
3015 3373	3015 3007
3016 3374	3016 3008
3018 3375	3018 3009
3019 3376	3019 3010
3020 3377	3020 3011
3021 3378	3021 3012
3022 3379	3022 3013
3023 3380	3023 3014
3024 3381	3024 3015
3025 3382	3025 3016
3026 3383	3026 3018
3027 3384	3027 3019
3028 3385	3028 3020
3029 3386	3029 3021
3030 3387	3030 3022
3031 3388	3031 3023
3032 3389	3032 3024
3033 3390	3033 3025
3034 3391	3034 3026
3035 3392	3035 3027
3036 3393	3036 3028
3037 3394	3037 3029
3038 3395	3038 3030
3039 3396	3039 3031
3040 3396	3040 3031
3041 3397	3041 3033
3042 3398	3042 3034
3043 3399	3043 3035
3044 3400	3044 3036
3045 3401	3045 3037
3046 3402	3046 3038
3047 3403	3047 3039
3048 3404	3048 3040
3049 3405	3049 3041
3050 3406	3050 3042
3051 3407	3051 3043
3052 3408	3052 3044
3053 3409	3053 3045
3054 3410	3054 3047
3055 3411	3055 3048
3056 3412	3056 3049
3057 3413	3057 3050
3058 3414	3058 3051
3059 3415	3059 3052
3061 3416	3061 3053
3062 3417	3062 3054
3063 3418	3063 3055
3064 3419	3064 3056
3065 3420	3065 3057
3066 3420	3066 3057
3067 3421	3067 3058
3068 3422	3068 3060
3069 3423	3069 3061
3070 3424	3070 3062
3071 3425	3071 3063
3072 3426	3072 3064
3073 3427	3073 3065
3074 3428	3074 3066
3075 3429	3075 3067
3076 3430	3076 3068
3077 3431	3077 3069
3078 3432	3078 3070
3079 3433	3079 3071
3080 3434	3080 3073
3081 3435	3081 3074
3082 3436	3082 3075
3083 3437	3083 3076
3084 3438	3084 3077
3085 3439	3085 3078
3086 3440	3086 3079
3087 3441	3087 3080
3088 3442	3088 3081
3089 3443	3089 3082
3090 3443	3090 3082
3091 3444	3091 3083
3092 3445	3092 3085
3093 3446	3093 3086
3094 3447	3094 3087
3095 3448	3095 3088
3096 3449	3096 3089
3097 3450	3097 3090
3098 3451	3098 3091
3099 3452	3099 3092
3100 3453	3100 3093
3101 3454	3101 3094
3102 3455	3102 3095
3104 3456	3104 3097
3105 3457	3105 3098
3106 3458	3106 3099
3107 3459	3107 3100
3108 3460	3108 3101
3109 3461	3109 3102
3110 3462	3110 3103
3111 3463	3111 3104
3112 3463	3112 3104
3113 3464	3113 3105
3114 3465	3114 3106
3115 3466	3115 3107
3116 3467	3116 3109
3117 3468	3117 3110
3118 3469	3118 3111
3119 3470	3119 3112
3120 3471	3120 3113
3121 3472	3121 3114
3122 3473	3122 3115
3123 3474	3123 3116
3124 3475	3124 3117
3125 3476	3125 3118
3126 3477	3126 3120
3127 3478	3127 3121
3128 3479	3128 3122
3129 3480	3129 3123
3130 3481	3130 3124
3131 3482	3131 3125
3132 3483	3132 3126
3133 3483	3133 3126
3134 3484	3134 3127
3135 3485	3135 3128
3136 3486	3136 3129
3137 3487	3137 3131
3138 3488	3138 3132
3139 3489	3139 3133
3140 3490	3140 3134
3141 3491	3141 3135
3142 3492	3142 3136
3143 3493	3143 3137
3144 3494	3144 3138
3145 3495	3145 3139
3147 3496	3147 3140
3148 3497	3148 3142
3149 3498	3149 3143
3150 3499	3150 3144
3151 3500	3151 3145
3152 3501	3152 3146
3153 3501	3153 3146
3154 3502	3154 3147
3155 3503	3155 3148
3156 3504	3156 3149
3157 3505	3157 3150
3158 3506	3158 3152
3159 3507	3159 3153
3160 3508	3160 3154
3161 3509	3161 3155
3162 3510	3162 3156
3163 3511	3163 3157
3164 3512	3164 3158
3165 3513	3165 3159
3166 3514	3166 3160
3167 3515	3167 3162
3168 3516	3168 3163
3169 3517	3169 3164
3170 3518	3170 3165
3171 3519	3171 3166
3172 3519	3172 3166
3173 3520	3173 3167
3174 3521	3174 3168
3175 3522	3175 3169
3176 3523	3176 3170
3177 3524	3177 3172
3178 3525	3178 3173
3179 3526	3179 3174
3180 3527	3180 3175
3181 3528	3181 3176
3182 3529	3182 3177
3183 3530	3183 3178
3184 3531	3184 3179
3185 3532	3185 3181
3186 3533	3186 3182
3187 3534	3187 3183
3188 3535	3188 3184
3190 3535	3190 3184
3191 3536	3191 3185
3192 3537	3192 3186
3193 3538	3193 3187
3194 3539	3194 3188
3195 3540	3195 3189
3196 3541	3196 3191
3197 3542	3197 3192
3198 3543	3198 3193
3199 3544	3199 3194
3200 3545	3200 3195
3201 3546	3201 3196
3202 3547	3202 3197
3203 3548	3203 3198
3204 3549	3204 3200
3205 3550	3205 3201
3206 3551	3206 3202
3207 3551	3207 3202
3208 3552	3208 3203
3209 3553	3209 3204
3210 3554	3210 3205
3211 3555	3211 3206
3212 3556	3212 3207
3213 3557	3213 3209
3214 3558	3214 3210
3215 3559	3215 3211
3216 3560	3216 3212
3217 3561	3217 3213
3218 3562	3218 3214
3219 3563	3219 3215
3220 3564	3220 3216
3221 3565	3221 3218
3222 3566	3222 3219
3223 3567	3223 3220
3224 3567	3224 3220
3225 3568	3225 3221
3226 3569	3226 3222
3227 3570	3227 3223
3228 3571	3228 3224
3229 3572	3229 3225
3230 3573	3230 3227
3231 3574	3231 3228
3233 3575	3233 3229
3234 3576	3234 3230
3235 3577	3235 3231
3236 3578	3236 3232
3237 3579	3237 3233
3238 3580	3238 3235
3239 3581	3239 3236
3240 3582	3240 3237
3241 3582	3241 3237
3242 3583	3242 3238
3243 3584	3243 3239
3244 3585	3244 3240
3245 3586	3245 3241
3246 3587	3246 3243
3247 3588	3247 3244
3248 3589	3248 3245
3249 3590	3249 3246
3250 3591	3250 3247
3251 3592	3251 3248
3252 3593	3252 3249
3253 3594	3253 3250
3254 3595	3254 3252
3255 3596	3255 3253
3256 3596	3256 3253
3257 3597	3257 3254
3258 3598	3258 3255
3259 3599	3259 3256
3260 3600	3260 3257
3261 3601	3261 3258
3262 3602	3262 3260
3263 3603	3263 3261
3264 3604	3264 3262
3265 3605	3265 3263
3266 3606	3266 3264
3267 3607	3267 3265
3268 3608	3268 3266
3269 3609	3269 3268
3270 3610	3270 3269
3271 3610	3271 3269
3272 3611	3272 3270
3273 3612	3273 3271
3274 3613	3274 3272
3276 3614	3276 3273
3277 3615	3277 3274
3278 3616	3278 3276
3279 3617	3279 3277
3280 3618	3280 3278
3281 3619	3281 3279
3282 3620	3282 3280
3283 3621	3283 3281
3284 3622	3284 3283
3285 3623	3285 3284
3286 3623	3286 3284
3287 3624	3287 3285
3288 3625	3288 3286
3289 3626	3289 3287
3290 3627	3290 3288
3291 3628	3291 3289
3292 3629	3292 3291
3293 3630	3293 3292
3294 3631	3294 3293
3295 3632	3295 3294
3296 3633	3296 3295
3297 3634	3297 3296
3298 3635	3298 3298
3299 3636	3299 3299
3300 3636	3300 3299
3301 3637	3301 3300
3302 3638	3302 3301
3303 3639	3303 3302
3304 3640	3304 3303
3305 3641	3305 3304
3306 3642	3306 3306
3307 3643	3307 3307
3308 3644	3308 3308
3309 3645	3309 3309
3310 3646	3310 3310
3311 3647	3311 3311
3312 3648	3312 3313
3313 3649	3313 3314
3314 3649	3314 3314
3315 3650	3315 3315
3316 3651	3316 3316
3317 3652	3317 3317
3318 3653	3318 3318
3320 3654	3320 3320
3321 3655	3321 3321
3322 3656	3322 3322
3323 3657	3323 3323
3324 3658	3324 3324
3325 3659	3325 3325
3326 3660	3326 3326
3327 3661	3327 3328
3328 3661	3328 3328
3329 3662	3329 3329
3330 3663	3330 3330
3331 3664	3331 3331
3332 3665	3332 3332
3333 3666	3333 3333
3334 3667	3334 3335
3335 3668	3335 3336
3336 3669	3336 3337
3337 3670	3337 3338
3338 3671	3338 3339
3339 3672	3339 3340
3340 3673	3340 3342
3341 3673	3341 3342
3342 3674	3342 3343
3343 3675	3343 3344
3344 3676	3344 3345
3345 3677	3345 3346
3346 3678	3346 3348
3347 3679	3347 3349
3348 3680	3348 3350
3349 3681	3349 3351
3350 3682	3350 3352
3351 3683	3351 3353
3352 3684	3352 3355
3353 3685	3353 3356
3354 3685	3354 3356
3355 3686	3355 3357
3356 3687	3356 3358
3357 3688	3357 3359
3358 3689	3358 3360
3359 3690	3359 3362
3360 3691	3360 3363
3361 3692	3361 3364
3363 3693	3363 3365
3364 3694	3364 3366
3365 3695	3365 3367
3366 3696	3366 3369
3367 3697	3367 3370
3368 3697	3368 3370
3369 3698	3369 3371
3370 3699	3370 3372
3371 3700	3371 3373
3372 3701	3372 3375
3373 3702	3373 3376
3374 3703	3374 3377
3375 3704	3375 3378
3376 3705	3376 3379
3377 3706	3377 3380
3378 3707	3378 3382
3379 3708	3379 3383
3380 3708	3380 3383
3381 3709	3381 3384
3382 3710	3382 3385
3383 3711	3383 3386
3384 3712	3384 3388
3385 3713	3385 3389
3386 3714	3386 3390
3387 3715	3387 3391
3388 3716	3388 3392
3389 3717	3389 3394
3390 3718	3390 3395
3391 3719	3391 3396
3392 3719	3392 3396
3393 3720	3393 3397
3394 3721	3394 3398
3395 3722	3395 3399
3396 3723	3396 3401
3397 3724	3397 3402
3398 3725	3398 3403
3399 3726	3399 3404
3400 3727	3400 3405
3401 3728	3401 3407
3402 3729	3402 3408
3403 3730	3403 3409
3404 3730	3404 3409
3406 3731	3406 3410
3407 3732	3407 3411
3408 3733	3408 3413
3409 3734	3409 3414
3410 3735	3410 3415
3411 3736	3411 3416
3412 3737	3412 3417
3413 3738	3413 3419
3414 3739	3414 3420
3415 3740	3415 3421
3416 3740	3416 3421
3417 3741	3417 3422
3418 3742	3418 3423
3419 3743	3419 3425
3420 3744	3420 3426
3421 3745	3421 3427
3422 3746	3422 3428
3423 3747	3423 3429
3424 3748	3424 3431
3425 3749	3425 3432
3426 3750	3426 3433
3427 3751	3427 3434
3428 3751	3428 3434
3429 3752	3429 3435
3430 3753	3430 3437
3431 3754	3431 3438
3432 3755	3432 3439
3433 3756	3433 3440
3434 3757	3434 3441
3435 3758	3435 3443
3436 3759	3436 3444
3437 3760	3437 3445
3438 3761	3438 3446
3439 3761	3439 3446
3440 3762	3440 3447
3441 3763	3441 3449
3442 3764	3442 3450
3443 3765	3443 3451
3444 3766	3444 3452
3445 3767	3445 3453
3446 3768	3446 3455
3447 3769	3447 3456
3449 3770	3449 3457
3450 3771	3450 3458
3451 3771	3451 3458
3452 3772	3452 3459
3453 3773	3453 3461
3454 3774	3454 3462
3455 3775	3455 3463
3456 3776	3456 3464
3457 3777	3457 3466
3458 3778	3458 3467
3459 3779	3459 3468
3460 3780	3460 3469
3461 3781	3461 3470
3462 3781	3462 3470
3463 3782	3463 3472
3464 3783	3464 3473
3465 3784	3465 3474
3466 3785	3466 3475
3467 3786	3467 3476
3468 3787	3468 3478
3469 3788	3469 3479
3470 3789	3470 3480
3471 3790	3471 3481
3472 3791	3472 3483
3473 3791	3473 3483
3474 3792	3474 3484
3475 3793	3475 3485
3476 3794	3476 3486
3477 3795	3477 3487
3478 3796	3478 3489
3479 3797	3479 3490
3480 3798	3480 3491
3481 3799	3481 3492
3482 3800	3482 3494
3483 3800	3483 3494
3484 3801	3484 3495
3485 3802	3485 3496
3486 3803	3486 3497
3487 3804	3487 3498
3488 3805	3488 3500
3489 3806	3489 3501
3490 3807	3490 3502
3492 3808	3492 3503
3493 3809	3493 3505
3494 3810	3494 3506
3495 3810	3495 3506
3496 3811	3496 3507
3497 3812	3497 3508
3498 3813	3498 3510
3499 3814	3499 3511
3500 3815	3500 3512
3501 3816	3501 3513
3502 3817	3502 3514
3503 3818	3503 3516
3504 3819	3504 3517
3505 3819	3505 3517
3506 3820	3506 3518
3507 3821	3507 3519
3508 3822	3508 3521
3509 3823	3509 3522
3510 3824	3510 3523
3511 3825	3511 3524
3512 3826	3512 3526
3513 3827	3513 3527
3514 3828	3514 3528
3515 3828	3515 3528
3516 3829	3516 3529
3517 3830	3517 3531
3518 3831	3518 3532
3519 3832	3519 3533
3520 3833	3520 3534
3521 3834	3521 3535
3522 3835	3522 3537
3523 3836	3523 3538
3524 3837	3524 3539
3525 3837	3525 3539
3526 3838	3526 3540
3527 3839	3527 3542
3528 3840	3528 3543
3529 3841	3529 3544
3530 3842	3530 3545
3531 3843	3531 3547
3532 3844	3532 3548
3533 3845	3533 3549
3535 3846	3535 3550
3536 3846	3536 3550
3537 3847	3537 3552
3538 3848	3538 3553
3539 3849	3539 3554
3540 3850	3540 3555
3541 3851	3541 3557
3542 3852	3542 3558
3543 3853	3543 3559
3544 3854	3544 3560
3545 3855	3545 3562
3546 3855	3546 3562
3547 3856	3547 3563
3548 3857	3548 3564
3549 3858	3549 3565
3550 3859	3550 3567
3551 3860	3551 3568
3552 3861	3552 3569
3553 3862	3553 3570
3554 3863	3554 3572
3555 3864	3555 3573
3556 3864	3556 3573
3557 3865	3557 3574
3558 3866	3558 3575
3559 3867	3559 3577
3560 3868	3560 3578
3561 3869	3561 3579
3562 3870	3562 3580
3563 3871	3563 3582
3564 3872	3564 3583
3565 3872	3565 3583
3566 3873	3566 3584
3567 3874	3567 3585
3568 3875	3568 3587
3569 3876	3569 3588
3570 3877	3570 3589
3571 3878	3571 3590
3572 3879	3572 3592
3573 3880	3573 3593
3574 3881	3574 3594
3575 3881	3575 3594
3576 3882	3576 3596
3578 3883	3578 3597
3579 3884	3579 3598
3580 3885	3580 3599
3581 3886	3581 3601
3582 3887	3582 3602
3583 3888	3583 3603
3584 3889	3584 3604
3585 3889	3585 3604
3586 3890	3586 3606
3587 3891	3587 3607
3588 3892	3588 3608
3589 3893	3589 3609
3590 3894	3590 3611
3591 3895	3591 3612
3592 3896	3592 3613
3593 3897	3593 3615
3594 3897	3594 3615
3595 3898	3595 3616
3596 3899	3596 3617
3597 3900	3597 3618
3598 3901	3598 3620
3599 3902	3599 3621
3600 3903	3600 3622
3601 3904	3601 3623
3602 3905	3602 3625
3603 3905	3603 3625
3604 3906	3604 3626
3605 3907	3605 3627
3606 3908	3606 3629
3607 3909	3607 3630
3608 3910	3608 3631
3609 3911	3609 3632
3610 3912	3610 3634
3611 3913	3611 3635
3612 3914	3612 3636
3613 3914	3613 3636
3614 3915	3614 3638
3615 3916	3615 3639
3616 3917	3616 3640
3617 3918	3617 3641
3618 3919	3618 3643
3619 3920	3619 3644
3621 3921	3621 3645
3622 3922	3622 3646
3623 3922	3623 3646
3624 3923	3624 3648
3625 3924	3625 3649
3626 3925	3626 3650
3627 3926	3627 3652
3628 3927	3628 3653
3629 3928	3629 3654
3630 3929	3630 3655
3631 3929	3631 3655
3632 3930	3632 3657
3633 3931	3633 3658
3634 3932	3634 3659
3635 3933	3635 3661
3636 3934	3636 3662
3637 3935	3637 3663
3638 3936	3638 3665
3639 3937	3639 3666
3640 3937	3640 3666
3641 3938	3641 3667
3642 3939	3642 3668
3643 3940	3643 3670
3644 3941	3644 3671
3645 3942	3645 3672
3646 3943	3646 3674
3647 3944	3647 3675
3648 3945	3648 3676
3649 3945	3649 3676
3650 3946	3650 3677
3651 3947	3651 3679
3652 3948	3652 3680
3653 3949	3653 3681
3654 3950	3654 3683
3655 3951	3655 3684
3656 3952	3656 3685
3657 3953	3657 3687
3658 3953	3658 3687
3659 3954	3659 3688
3660 3955	3660 3689
3661 3956	3661 3690
3662 3957	3662 3692
3664 3958	3664 3693
3665 3959	3665 3694
3666 3960	3666 3696
3667 3960	3667 3696
3668 3961	3668 3697
3669 3962	3669 3698
3670 3963	3670 3700
3671 3964	3671 3701
3672 3965	3672 3702
3673 3966	3673 3703
3674 3967	3674 3705
3675 3968	3675 3706
3676 3968	3676 3706
3677 3969	3677 3707
3678 3970	3678 3709
3679 3971	3679 3710
3680 3972	3680 3711
3681 3973	3681 3713
3682 3974	3682 3714
3683 3975	3683 3715
3684 3975	3684 3715
3685 3976	3685 3717
3686 3977	3686 3718
3687 3978	3687 3719
3688 3979	3688 3721
3689 3980	3689 3722
3690 3981	3690 3723
3691 3982	3691 3724
3692 3983	3692 3726
3693 3983	3693 3726
3694 3984	3694 3727
3695 3985	3695 3728
3696 3986	3696 3730
3697 3987	3697 3731
3698 3988	3698 3732
3699 3989	3699 3734
3700 3990	3700 3735
3701 3990	3701 3735
3702 3991	3702 3736
3703 3992	3703 3738
3704 3993	3704 3739
3705 3994	3705 3740
3706 3995	3706 3742
3708 3996	3708 3743
3709 3997	3709 3744
3710 3997	3710 3744
3711 3998	3711 3746
3712 3999	3712 3747
3713 4000	3713 3748
3714 4001	3714 3750
3715 4002	3715 3751
3716 4003	3716 3752
3717 4004	3717 3754
3718 4004	3718 3754
3719 4005	3719 3755
3720 4006	3720 3756
3721 4007	3721 3758
3722 4008	3722 3759
3723 4009	3723 3760
3724 4010	3724 3762
3725 4011	3725 3763
3726 4012	3726 3764
3727 4012	3727 3764
3728 4013	3728 3766
3729 4014	3729 3767
3730 4015	3730 3768
3731 4016	3731 3770
3732 4017	3732 3771
3733 4018	3733 3772
3734 4019	3734 3774
3735 4019	3735 3774
3736 4020	3736 3775
3737 4021	3737 3776
3738 4022	3738 3778
3739 4023	3739 3779
3740 4024	3740 3780
3741 4025	3741 3782
3742 4026	3742 3783
3743 4026	3743 3783
3744 4027	3744 3784
3745 4028	3745 3786
3746 4029	3746 3787
3747 4030	3747 3788
3748 4031	3748 3790
3749 4032	3749 3791
3751 4033	3751 3792
3752 4033	3752 3792
3753 4034	3753 3794
3754 4035	3754 3795
3755 4036	3755 3796
3756 4037	3756 3798
3757 4038	3757 3799
3758 4039	3758 3800
3759 4039	3759 3800
3760 4040	3760 3802
3761 4041	3761 3803
3762 4042	3762 3804
3763 4043	3763 3806
3764 4044	3764 3807
3765 4045	3765 3809
3766 4046	3766 3810
3767 4046	3767 3810
3768 4047	3768 3811
3769 4048	3769 3813
3770 4049	3770 3814
3771 4050	3771 3815
3772 4051	3772 3817
3773 4052	3773 3818
3774 4053	3774 3819
3775 4053	3775 3819
3776 4054	3776 3821
3777 4055	3777 3822
3778 4056	3778 3823
3779 4057	3779 3825
3780 4058	3780 3826
3781 4059	3781 3828
3782 4060	3782 3829
3783 4060	3783 3829
3784 4061	3784 3830
3785 4062	3785 3832
3786 4063	3786 3833
3787 4064	3787 3834
3788 4065	3788 3836
3789 4066	3789 3837
3790 4066	3790 3837
3791 4067	3791 3838
3792 4068	3792 3840
3794 4069	3794 3841
3795 4070	3795 3843
3796 4071	3796 3844
3797 4072	3797 3845
3798 4073	3798 3847
3799 4073	3799 3847
3800 4074	3800 3848
3801 4075	3801 3849
3802 4076	3802 3851
3803 4077	3803 3852
3804 4078	3804 3853
3805 4079	3805 3855
3806 4080	3806 3856
3807 4080	3807 3856
3808 4081	3808 3858
3809 4082	3809 3859
3810 4083	3810 3860
3811 4084	3811 3862
3812 4085	3812 3863
3813 4086	3813 3864
3814 4086	3814 3864
3815 4087	3815 3866
3816 4088	3816 3867
3817 4089	3817 3869
3818 4090	3818 3870
3819 4091	3819 3871
3820 4092	3820 3873
3821 4093	3821 3874
3822 4093	3822 3874
3823 4094	3823 3876
3824 4095	3824 3877
3825 4095	3825 3877
3826 4095	3826 3877
3827 4095	3827 3877
3828 4095	3828 3877
3829 4095	3829 3877
3830 4095	3830 3877
3831 4095	3831 3877
3832 4095	3832 3877
3833 4095	3833 3877
3834 4095	3834 3877
3835 4095	3835 3877
3837 4095	3837 3877
3838 4095	3838 3877
3839 4095	3839 3877
3840 4095	3840 3877
3841 4095	3841 3877
3842 4095	3842 3877
3843 4095	3843 3877
3844 4095	3844 3877
3845 4095	3845 3877
3846 4095	3846 3877
3847 4095	3847 3877
3848 4095	3848 3877
3849 4095	3849 3877
3850 4095	3850 3877
3851 4095	3851 3877
3852 4095	3852 3877
3853 4095	3853 3877
3854 4095	3854 3877
3855 4095	3855 3877
3856 4095	3856 3877
3857 4095	3857 3877
3858 4095	3858 3877
3859 4095	3859 3877
3860 4095	3860 3877
3861 4095	3861 3877
3862 4095	3862 3877
3863 4095	3863 3877
3864 4095	3864 3877
3865 4095	3865 3877
3866 4095	3866 3877
3867 4095	3867 3877
3868 4095	3868 3877
3869 4095	3869 3877
3870 4095	3870 3877
3871 4095	3871 3877
3872 4095	3872 3877
3873 4095	3873 3877
3874 4095	3874 3877
3875 4095	3875 3877
3876 4095	3876 3877
3877 4095	3877 3877
3878 4095	3878 3877
3880 4095	3880 3877
3881 4095	3881 3877
3882 4095	3882 3877
3883 4095	3883 3877
3884 4095	3884 3877
3885 4095	3885 3877
3886 4095	3886 3877
3887 4095	3887 3877
3888 4095	3888 3877
3889 4095	3889 3877
3890 4095	3890 3877
3891 4095	3891 3877
3892 4095	3892 3877
3893 4095	3893 3877
3894 4095	3894 3877
3895 4095	3895 3877
3896 4095	3896 3877
3897 4095	3897 3877
3898 4095	3898 3877
3899 4095	3899 3877
3900 4095	3900 3877
3901 4095	3901 3877
3902 4095	3902 3877
3903 4095	3903 3877
3904 4095	3904 3877
3905 4095	3905 3877
3906 4095	3906 3877
3907 4095	3907 3877
3908 4095	3908 3877
3909 4095	3909 3877
3910 4095	3910 3877
3911 4095	3911 3877
3912 4095	3912 3877
3913 4095	3913 3877
3914 4095	3914 3877
3915 4095	3915 3877
3916 4095	3916 3877
3917 4095	3917 3877
3918 4095	3918 3877
3919 4095	3919 3877
3920 4095	3920 3877
3921 4095	3921 3877
3923 4095	3923 3877
3924 4095	3924 3877
3925 4095	3925 3877
3926 4095	3926 3877
3927 4095	3927 3877
3928 4095	3928 3877
3929 4095	3929 3877
3930 4095	3930 3877
3931 4095	3931 3877
3932 4095	3932 3877
3933 4095	3933 3877
3934 4095	3934 3877
3935 4095	3935 3877
3936 4095	3936 3877
3937 4095	3937 3877
3938 4095	3938 3877
3939 4095	3939 3877
3940 4095	3940 3877
3941 4095	3941 3877
3942 4095	3942 3877
3943 4095	3943 3877
3944 4095	3944 3877
3945 4095	3945 3877
3946 4095	3946 3877
3947 4095	3947 3877
3948 4095	3948 3877
3949 4095	3949 3877
3950 4095	3950 3877
3951 4095	3951 3877
3952 4095	3952 3877
3953 4095	3953 3877
3954 4095	3954 3877
3955 4095	3955 3877
3956 4095	3956 3877
3957 4095	3957 3877
3958 4095	3958 3877
3959 4095	3959 3877
3960 4095	3960 3877
3961 4095	3961 3877
3962 4095	3962 3877
3963 4095	3963 3877
3964 4095	3964 3877
3966 4095	3966 3877
3967 4095	3967 3877
3968 4095	3968 3877
3969 4095	3969 3877
3970 4095	3970 3877
3971 4095	3971 3877
3972 4095	3972 3877
3973 4095	3973 3877
3974 4095	3974 3877
3975 4095	3975 3877
3976 4095	3976 3877
3977 4095	3977 3877
3978 4095	3978 3877
3979 4095	3979 3877
3980 4095	3980 3877
3981 4095	3981 3877
3982 4095	3982 3877
3983 4095	3983 3877
3984 4095	3984 3877
3985 4095	3985 3877
3986 4095	3986 3877
3987 4095	3987 3877
3988 4095	3988 3877
3989 4095	3989 3877
3990 4095	3990 3877
3991 4095	3991 3877
3992 4095	3992 3877
3993 4095	3993 3877
3994 4095	3994 3877
3995 4095	3995 3877
3996 4095	3996 3877
3997 4095	3997 3877
3998 4095	3998 3877
3999 4095	3999 3877
4000 4095	4000 3877
4001 4095	4001 3877
4002 4095	4002 3877
4003 4095	4003 3877
4004 4095	4004 3877
4005 4095	4005 3877
4006 4095	4006 3877
4007 4095	4007 3877
4009 4095	4009 3877
4010 4095	4010 3877
4011 4095	4011 3877
4012 4095	4012 3877
