81 116
82 116
83 118
84 118
85 119
87 120
88 121
89 122
90 123
91 123
92 125
93 125
94 126
95 127
96 128
97 129
98 130
99 130
100 132
101 132
102 133
103 134
104 135
105 136
106 137
107 137
108 139
109 139
110 140
111 141
112 142
113 143
114 144
115 145
116 146
117 146
118 147
119 149
120 149
121 150
122 151
123 152
124 153
125 154
126 154
127 156
128 156
130 157
131 158
132 159
133 160
134 161
135 161
136 163
137 163
138 164
139 165
140 166
141 167
142 168
143 168
144 170
145 171
146 171
147 172
148 173
149 174
150 175
151 176
152 177
153 178
154 178
155 179
156 181
157 181
158 182
159 183
160 184
161 185
162 186
163 186
164 188
165 188
166 189
167 190
168 191
169 192
170 193
171 194
173 195
174 196
175 196
176 197
177 199
178 199
179 200
180 201
181 202
182 203
183 204
184 204
185 206
186 207
187 207
188 208
189 209
190 210
191 211
192 212
193 213
194 214
195 214
196 215
197 217
198 217
199 218
200 219
201 220
202 221
203 222
204 222
205 224
206 225
207 225
208 226
209 228
210 228
211 229
212 230
213 231
214 232
216 233
217 233
218 235
219 236
220 236
221 237
222 239
223 239
224 240
225 241
226 242
227 243
228 244
229 244
230 246
231 247
232 247
233 248
234 250
235 250
236 251
237 252
238 253
239 254
240 255
241 255
242 257
243 258
244 258
245 259
246 261
247 261
248 262
249 263
250 264
251 265
252 266
253 267
254 268
255 269
256 270
257 270
259 272
260 272
261 273
262 274
263 275
264 276
265 277
266 278
267 278
268 280
269 281
270 281
271 282
272 284
273 284
274 285
275 286
276 287
277 288
278 289
279 290
280 291
281 292
282 293
283 293
284 295
285 296
286 296
287 297
288 299
289 299
290 300
291 301
292 302
293 303
294 304
295 305
296 306
297 307
298 308
299 308
300 310
302 311
303 311
304 312
305 314
306 314
307 315
308 316
309 317
310 318
311 319
312 320
313 321
314 322
315 323
316 323
317 325
318 326
319 326
320 327
321 329
322 329
323 330
324 331
325 332
326 333
327 334
328 335
329 336
330 337
331 338
332 339
333 340
334 341
335 342
336 342
337 344
338 345
339 345
340 346
341 348
342 348
343 349
345 350
346 351
347 352
348 353
349 354
350 355
351 356
352 357
353 358
354 359
355 360
356 361
357 361
358 363
359 364
360 364
361 365
362 367
363 367
364 368
365 369
366 370
367 371
368 372
369 373
370 374
371 375
372 376
373 377
374 377
375 379
376 380
377 380
378 381
379 383
380 384
381 384
382 385
383 387
384 387
385 388
386 389
388 390
389 391
390 392
391 393
392 394
393 395
394 396
395 397
396 398
397 399
398 400
399 401
400 402
401 403
402 404
403 404
404 406
405 407
406 407
407 408
408 410
409 411
410 411
411 412
412 414
413 414
414 415
415 416
416 418
417 418
418 419
419 420
420 421
421 422
422 423
423 424
424 425
425 426
426 427
427 428
428 428
429 430
430 431
432 432
433 432
434 434
435 435
436 435
437 436
438 438
439 439
440 439
441 440
442 442
443 442
444 443
445 444
446 446
447 446
448 447
449 448
450 450
451 450
452 451
453 452
454 453
455 454
456 455
457 456
458 457
459 458
460 459
461 460
462 460
463 462
464 463
465 464
466 464
467 466
468 467
469 468
470 468
471 470
472 471
473 471
475 472
476 474
477 475
478 475
479 476
480 478
481 479
482 479
483 480
484 482
485 483
486 483
487 484
488 486
489 486
490 487
491 488
492 489
493 490
494 491
495 492
496 493
497 494
498 495
499 496
500 497
501 498
502 499
503 500
504 501
505 502
506 503
507 504
508 505
509 506
510 507
511 508
512 509
513 510
514 511
515 512
516 513
518 514
519 515
520 516
521 517
522 517
523 519
524 520
525 521
526 521
527 523
528 524
529 525
530 525
531 527
532 528
533 529
534 529
535 531
536 532
537 533
538 533
539 535
540 536
541 537
542 537
543 539
544 540
545 541
546 541
547 542
548 544
549 545
550 545
551 546
552 548
553 549
554 549
555 550
556 552
557 553
558 553
559 554
561 556
562 557
563 557
564 558
565 560
566 561
567 561
568 562
569 563
570 565
571 565
572 566
573 567
574 569
575 569
576 570
577 571
578 573
579 573
580 574
581 575
582 577
583 577
584 578
585 579
586 581
587 582
588 582
589 583
590 584
591 586
592 586
593 587
594 588
595 590
596 590
597 591
598 592
599 594
600 594
601 595
602 596
604 598
605 599
606 599
607 600
608 601
609 603
610 603
611 604
612 605
613 607
614 607
615 608
616 609
617 611
618 611
619 612
620 613
621 615
622 616
623 616
624 617
625 619
626 620
627 620
628 621
629 622
630 624
631 625
632 625
633 626
634 628
635 629
636 629
637 630
638 632
639 633
640 633
641 634
642 636
643 637
644 638
645 638
647 639
648 641
649 642
650 642
651 643
652 645
653 646
654 647
655 647
656 649
657 650
658 651
659 651
660 652
661 654
662 655
663 656
664 656
665 658
666 659
667 660
668 660
669 662
670 663
671 664
672 665
673 666
674 667
675 668
676 669
677 669
678 671
679 672
680 673
681 674
682 675
683 676
684 677
685 678
686 679
687 680
688 681
690 682
691 683
692 684
693 685
694 686
695 687
696 688
697 689
698 690
699 691
700 693
701 693
702 694
703 695
704 696
705 697
706 698
707 699
708 700
709 702
710 702
711 703
712 704
713 706
714 707
715 707
716 708
717 709
718 711
719 712
720 712
721 713
722 715
723 716
724 716
725 717
726 719
727 720
728 721
729 721
730 722
731 724
733 725
734 726
735 726
736 728
737 729
738 730
739 731
740 732
741 733
742 734
743 735
744 736
745 737
746 738
747 739
748 740
749 741
750 742
751 743
752 744
753 746
754 746
755 747
756 748
757 749
758 751
759 751
760 752
761 753
762 755
763 756
764 756
765 757
766 758
767 760
768 761
769 761
770 762
771 764
772 765
773 766
774 766
776 768
777 769
778 770
779 771
780 771
781 773
782 774
783 775
784 776
785 777
786 778
787 779
788 780
789 781
790 782
791 783
792 784
793 785
794 786
795 787
796 788
797 789
798 791
799 791
800 792
801 793
802 794
803 796
804 796
805 797
806 798
807 800
808 801
809 801
810 802
811 803
812 805
813 806
814 807
815 807
816 809
817 810
818 811
820 812
821 812
822 814
823 815
824 816
825 817
826 818
827 819
828 820
829 821
830 822
831 823
832 824
833 825
834 826
835 828
836 828
837 829
838 830
839 831
840 833
841 833
842 834
843 835
844 837
845 838
846 838
847 839
848 840
849 842
850 843
851 844
852 844
853 846
854 847
855 848
856 849
857 849
858 851
859 852
860 853
861 854
863 855
864 856
865 857
866 858
867 859
868 860
869 861
870 862
871 863
872 865
873 866
874 866
875 867
876 868
877 870
878 871
879 871
880 872
881 874
882 875
883 876
884 877
885 877
886 879
887 880
888 881
889 882
890 883
891 884
892 885
893 886
894 887
895 888
896 889
897 890
898 891
899 893
900 894
901 894
902 895
903 896
904 898
906 899
907 899
908 900
909 901
910 903
911 904
912 905
913 905
914 907
915 908
916 909
917 910
918 911
919 912
920 913
921 914
922 915
923 916
924 917
925 918
926 919
927 920
928 922
929 922
930 923
931 924
932 925
933 927
934 928
935 928
936 929
937 931
938 932
939 933
940 934
941 934
942 936
943 937
944 938
945 939
946 940
947 941
949 942
950 943
951 944
952 945
953 946
954 947
955 948
956 949
957 951
958 951
959 952
960 953
961 955
962 956
963 957
964 957
965 958
966 960
967 961
968 962
969 963
970 963
971 965
972 966
973 967
974 968
975 969
976 970
977 971
978 972
979 973
980 975
981 975
982 976
983 977
984 978
985 980
986 981
987 981
988 982
989 983
990 985
992 986
993 987
994 987
995 989
996 990
997 991
998 992
999 993
1000 994
1001 995
1002 996
1003 997
1004 998
1005 999
1006 1000
1007 1001
1008 1002
1009 1003
1010 1005
1011 1006
1012 1006
1013 1007
1014 1009
1015 1010
1016 1011
1017 1012
1018 1012
1019 1014
1020 1015
1021 1016
1022 1017
1023 1018
1024 1019
1025 1020
1026 1021
1027 1022
1028 1023
1029 1024
1030 1025
1031 1026
1032 1027
1033 1029
1035 1030
1036 1030
1037 1031
1038 1032
1039 1034
1040 1035
1041 1036
1042 1037
1043 1037
1044 1039
1045 1040
1046 1041
1047 1042
1048 1043
1049 1044
1050 1045
1051 1046
1052 1047
1053 1048
1054 1049
1055 1050
1056 1051
1057 1052
1058 1054
1059 1055
1060 1056
1061 1056
1062 1057
1063 1059
1064 1060
1065 1061
1066 1062
1067 1062
1068 1064
1069 1065
1070 1066
1071 1067
1072 1068
1073 1069
1074 1070
1075 1071
1076 1072
1078 1073
1079 1075
1080 1075
1081 1076
1082 1077
1083 1078
1084 1080
1085 1081
1086 1081
1087 1082
1088 1083
1089 1085
1090 1086
1091 1087
1092 1088
1093 1088
1094 1090
1095 1091
1096 1092
1097 1093
1098 1094
1099 1095
1100 1096
1101 1097
1102 1098
1103 1100
1104 1101
1105 1101
1106 1102
1107 1103
1108 1105
1109 1106
1110 1107
1111 1108
1112 1108
1113 1110
1114 1111
1115 1112
1116 1113
1117 1114
1118 1115
1119 1116
1121 1117
1122 1118
1123 1119
1124 1121
1125 1121
1126 1122
1127 1123
1128 1124
1129 1126
1130 1127
1131 1128
1132 1128
1133 1129
1134 1131
1135 1132
1136 1133
1137 1134
1138 1134
1139 1136
1140 1137
1141 1138
1142 1139
1143 1140
1144 1141
1145 1142
1146 1143
1147 1144
1148 1145
1149 1147
1150 1148
1151 1148
1152 1149
1153 1150
1154 1152
1155 1153
1156 1154
1157 1155
1158 1155
1159 1157
1160 1158
1161 1159
1162 1160
1164 1161
1165 1162
1166 1163
1167 1164
1168 1165
1169 1166
1170 1168
1171 1168
1172 1169
1173 1170
1174 1171
1175 1172
1176 1174
1177 1175
1178 1175
1179 1176
1180 1177
1181 1179
1182 1180
1183 1181
1184 1182
1185 1182
1186 1184
1187 1185
1188 1186
1189 1187
1190 1188
1191 1189
1192 1190
1193 1191
1194 1192
1195 1193
1196 1195
1197 1196
1198 1196
1199 1197
1200 1198
1201 1200
1202 1201
1203 1202
1204 1203
1205 1203
1207 1205
1208 1206
1209 1207
1210 1208
1211 1209
1212 1210
1213 1211
1214 1212
1215 1213
1216 1214
1217 1215
1218 1217
1219 1217
1220 1218
1221 1219
1222 1220
1223 1222
1224 1223
1225 1224
1226 1224
1227 1225
1228 1227
1229 1228
1230 1229
1231 1230
1232 1231
1233 1232
1234 1233
1235 1234
1236 1235
1237 1236
1238 1238
1239 1239
1240 1239
1241 1240
1242 1241
1243 1242
1244 1244
1245 1245
1246 1246
1247 1246
1248 1247
1249 1249
1251 1250
1252 1251
1253 1252
1254 1253
1255 1254
1256 1255
1257 1256
1258 1257
1259 1258
1260 1259
1261 1260
1262 1261
1263 1262
1264 1263
1265 1264
1266 1266
1267 1267
1268 1268
1269 1268
1270 1269
1271 1271
1272 1272
1273 1273
1274 1274
1275 1275
1276 1276
1277 1277
1278 1278
1279 1279
1280 1280
1281 1281
1282 1282
1283 1283
1284 1284
1285 1285
1286 1286
1287 1288
1288 1289
1289 1290
1290 1290
1291 1291
1292 1292
1294 1294
1295 1295
1296 1296
1297 1297
1298 1297
1299 1299
1300 1300
1301 1301
1302 1302
1303 1303
1304 1305
1305 1305
1306 1306
1307 1307
1308 1308
1309 1309
1310 1311
1311 1312
1312 1312
1313 1313
1314 1314
1315 1316
1316 1317
1317 1318
1318 1319
1319 1320
1320 1320
1321 1322
1322 1323
1323 1324
1324 1325
1325 1326
1326 1327
1327 1328
1328 1329
1329 1330
1330 1331
1331 1332
1332 1334
1333 1335
1334 1335
1335 1336
1337 1337
1338 1339
1339 1340
1340 1341
1341 1342
1342 1342
1343 1343
1344 1345
1345 1346
1346 1347
1347 1348
1348 1349
1349 1350
1350 1351
1351 1352
1352 1353
1353 1354
1354 1355
1355 1357
1356 1358
1357 1358
1358 1359
1359 1360
1360 1362
1361 1363
1362 1364
1363 1365
1364 1365
1365 1366
1366 1368
1367 1369
1368 1370
1369 1371
1370 1372
1371 1373
1372 1374
1373 1375
1374 1376
1375 1377
1376 1378
1377 1380
1378 1381
1380 1381
1381 1382
1382 1383
1383 1384
1384 1386
1385 1387
1386 1388
1387 1389
1388 1389
1389 1390
1390 1392
1391 1393
1392 1394
1393 1395
1394 1396
1395 1397
1396 1398
1397 1399
1398 1400
1399 1401
1400 1402
1401 1404
1402 1404
1403 1405
1404 1406
1405 1407
1406 1408
1407 1410
1408 1411
1409 1412
1410 1412
1411 1413
1412 1415
1413 1416
1414 1417
1415 1418
1416 1419
1417 1420
1418 1421
1419 1422
1420 1423
1421 1424
1423 1425
1424 1426
1425 1428
1426 1428
1427 1429
1428 1430
1429 1431
1430 1432
1431 1434
1432 1435
1433 1436
1434 1436
1435 1437
1436 1438
1437 1440
1438 1441
1439 1442
1440 1443
1441 1444
1442 1445
1443 1446
1444 1447
1445 1448
1446 1449
1447 1450
1448 1452
1449 1452
1450 1453
1451 1454
1452 1455
1453 1456
1454 1458
1455 1459
1456 1460
1457 1460
1458 1461
1459 1462
1460 1464
1461 1465
1462 1466
1463 1467
1464 1468
1466 1468
1467 1470
1468 1471
1469 1472
1470 1473
1471 1474
1472 1475
1473 1476
1474 1477
1475 1478
1476 1479
1477 1480
1478 1481
1479 1483
1480 1484
1481 1485
1482 1485
1483 1486
1484 1487
1485 1489
1486 1490
1487 1491
1488 1492
1489 1493
1490 1493
1491 1495
1492 1496
1493 1497
1494 1498
1495 1499
1496 1500
1497 1501
1498 1502
1499 1503
1500 1504
1501 1505
1502 1506
1503 1508
1504 1509
1505 1509
1506 1510
1507 1511
1509 1512
1510 1514
1511 1515
1512 1516
1513 1517
1514 1518
1515 1518
1516 1519
1517 1521
1518 1522
1519 1523
1520 1524
1521 1525
1522 1526
1523 1527
1524 1528
1525 1529
1526 1530
1527 1531
1528 1532
1529 1534
1530 1534
1531 1535
1532 1536
1533 1537
1534 1538
1535 1540
1536 1541
1537 1542
1538 1543
1539 1543
1540 1544
1541 1546
1542 1547
1543 1548
1544 1549
1545 1550
1546 1551
1547 1551
1548 1553
1549 1554
1550 1555
1552 1556
1553 1557
1554 1558
1555 1560
1556 1560
1557 1561
1558 1562
1559 1563
1560 1564
1561 1566
1562 1567
1563 1568
1564 1568
1565 1569
1566 1570
1567 1571
1568 1573
1569 1574
1570 1575
1571 1576
1572 1577
1573 1577
1574 1579
1575 1580
1576 1581
1577 1582
1578 1583
1579 1584
1580 1586
1581 1586
1582 1587
1583 1588
1584 1589
1585 1590
1586 1591
1587 1593
1588 1594
1589 1594
1590 1595
1591 1596
1592 1597
1593 1599
1595 1600
1596 1601
1597 1602
1598 1603
1599 1603
1600 1604
1601 1606
1602 1607
1603 1608
1604 1609
1605 1610
1606 1611
1607 1612
1608 1613
1609 1614
1610 1615
1611 1616
1612 1617
1613 1618
1614 1620
1615 1620
1616 1621
1617 1622
1618 1623
1619 1624
1620 1625
1621 1627
1622 1628
1623 1629
1624 1629
1625 1630
1626 1631
1627 1633
1628 1634
1629 1635
1630 1636
1631 1637
1632 1638
1633 1638
1634 1640
1635 1641
1636 1642
1637 1643
1639 1644
1640 1645
1641 1646
1642 1647
1643 1648
1644 1649
1645 1650
1646 1651
1647 1652
1648 1654
1649 1655
1650 1656
1651 1656
1652 1657
1653 1658
1654 1659
1655 1661
1656 1662
1657 1663
1658 1664
1659 1665
1660 1665
1661 1666
1662 1668
1663 1669
1664 1670
1665 1671
1666 1672
1667 1673
1668 1674
1669 1675
1670 1676
1671 1677
1672 1678
1673 1679
1674 1680
1675 1681
1676 1683
1677 1683
1678 1684
1679 1685
1680 1686
1682 1687
1683 1688
1684 1690
1685 1691
1686 1692
1687 1692
1688 1693
1689 1694
1690 1695
1691 1697
1692 1698
1693 1699
1694 1700
1695 1701
1696 1701
1697 1702
1698 1704
1699 1705
1700 1706
1701 1707
1702 1708
1703 1709
1704 1710
1705 1711
1706 1712
1707 1713
1708 1714
1709 1715
1710 1716
1711 1717
1712 1719
1713 1720
1714 1720
1715 1721
1716 1722
1717 1723
1718 1724
1719 1726
1720 1727
1721 1728
1722 1729
1723 1729
1725 1730
1726 1731
1727 1733
1728 1734
1729 1735
1730 1736
1731 1737
1732 1738
1733 1738
1734 1740
1735 1741
1736 1742
1737 1743
1738 1744
1739 1745
1740 1746
1741 1747
1742 1748
1743 1749
1744 1750
1745 1751
1746 1752
1747 1753
1748 1754
1749 1756
1750 1757
1751 1757
1752 1758
1753 1759
1754 1760
1755 1761
1756 1763
1757 1764
1758 1765
1759 1766
1760 1767
1761 1767
1762 1768
1763 1769
1764 1771
1765 1772
1766 1773
1768 1774
1769 1775
1770 1776
1771 1776
1772 1778
1773 1779
1774 1780
1775 1781
1776 1782
1777 1783
1778 1784
1779 1785
1780 1786
1781 1787
1782 1788
1783 1789
1784 1790
1785 1791
1786 1792
1787 1794
1788 1795
1789 1795
1790 1796
1791 1797
1792 1798
1793 1799
1794 1800
1795 1802
1796 1803
1797 1804
1798 1805
1799 1805
1800 1806
1801 1807
1802 1808
1803 1810
1804 1811
1805 1812
1806 1813
1807 1814
1808 1815
1809 1815
1811 1816
1812 1818
1813 1819
1814 1820
1815 1821
1816 1822
1817 1823
1818 1824
1819 1825
1820 1826
1821 1827
1822 1828
1823 1829
1824 1830
1825 1831
1826 1832
1827 1834
1828 1835
1829 1835
1830 1836
1831 1837
1832 1838
1833 1839
1834 1840
1835 1842
1836 1843
1837 1844
1838 1844
1839 1845
1840 1846
1841 1847
1842 1848
1843 1850
1844 1851
1845 1852
1846 1853
1847 1854
1848 1855
1849 1855
1850 1856
1851 1858
1852 1859
1854 1860
1855 1861
1856 1862
1857 1863
1858 1864
1859 1865
1860 1866
1861 1867
1862 1868
1863 1869
1864 1870
1865 1871
1866 1872
1867 1873
1868 1874
1869 1875
1870 1876
1871 1877
1872 1878
1873 1879
1874 1880
1875 1881
1876 1882
1877 1884
1878 1885
1879 1885
1880 1886
1881 1887
1882 1888
1883 1889
1884 1890
1885 1892
1886 1893
1887 1894
1888 1895
1889 1895
1890 1896
1891 1897
1892 1898
1893 1899
1894 1901
1895 1902
1897 1903
1898 1904
1899 1905
1900 1906
1901 1906
1902 1907
1903 1909
1904 1910
1905 1911
1906 1912
1907 1913
1908 1914
1909 1915
1910 1916
1911 1916
1912 1918
1913 1919
1914 1920
1915 1921
1916 1922
1917 1923
1918 1924
1919 1925
1920 1926
1921 1927
1922 1928
1923 1929
1924 1930
1925 1931
1926 1932
1927 1933
1928 1934
1929 1936
1930 1937
1931 1937
1932 1938
1933 1939
1934 1940
1935 1941
1936 1942
1937 1943
1938 1945
1940 1946
1941 1947
1942 1948
1943 1948
1944 1949
1945 1950
1946 1951
1947 1952
1948 1954
1949 1955
1950 1956
1951 1957
1952 1958
1953 1959
1954 1959
1955 1960
1956 1961
1957 1963
1958 1964
1959 1965
1960 1966
1961 1967
1962 1968
1963 1969
1964 1970
1965 1970
1966 1972
1967 1973
1968 1974
1969 1975
1970 1976
1971 1977
1972 1978
1973 1979
1974 1980
1975 1981
1976 1982
1977 1983
1978 1984
1979 1985
1980 1986
1981 1987
1983 1988
1984 1989
1985 1990
1986 1992
1987 1992
1988 1993
1989 1994
1990 1995
1991 1996
1992 1997
1993 1998
1994 1999
1995 2001
1996 2002
1997 2003
1998 2003
1999 2004
2000 2005
2001 2006
2002 2007
2003 2008
2004 2009
2005 2011
2006 2012
2007 2013
2008 2014
2009 2014
2010 2015
2011 2016
2012 2017
2013 2018
2014 2019
2015 2021
2016 2022
2017 2023
2018 2024
2019 2025
2020 2026
2021 2026
2022 2027
2023 2028
2024 2030
2026 2031
2027 2032
2028 2033
2029 2034
2030 2035
2031 2036
2032 2037
2033 2037
2034 2038
2035 2040
2036 2041
2037 2042
2038 2043
2039 2044
2040 2045
2041 2046
2042 2047
2043 2048
2044 2049
2045 2050
2046 2051
2047 2052
2048 2053
2049 2054
2050 2055
2051 2056
2052 2057
2053 2058
2054 2059
2055 2060
2056 2061
2057 2062
2058 2063
2059 2064
2060 2065
2061 2066
2062 2067
2063 2068
2064 2069
2065 2070
2066 2072
2067 2073
2068 2073
2070 2074
2071 2075
2072 2076
2073 2077
2074 2078
2075 2079
2076 2080
2077 2082
2078 2083
2079 2084
2080 2085
2081 2085
2082 2086
2083 2087
2084 2088
2085 2089
2086 2090
2087 2091
2088 2093
2089 2094
2090 2095
2091 2096
2092 2097
2093 2097
2094 2098
2095 2099
2096 2100
2097 2101
2098 2102
2099 2104
2100 2105
2101 2106
2102 2107
2103 2108
2104 2109
2105 2109
2106 2110
2107 2111
2108 2112
2109 2113
2110 2115
2111 2116
2113 2117
2114 2118
2115 2119
2116 2120
2117 2121
2118 2122
2119 2122
2120 2123
2121 2124
2122 2126
2123 2127
2124 2128
2125 2129
2126 2130
2127 2131
2128 2132
2129 2133
2130 2134
2131 2135
2132 2135
2133 2136
2134 2138
2135 2139
2136 2140
2137 2141
2138 2142
2139 2143
2140 2144
2141 2145
2142 2146
2143 2147
2144 2148
2145 2149
2146 2150
2147 2151
2148 2152
2149 2153
2150 2154
2151 2155
2152 2156
2153 2157
2154 2158
2156 2159
2157 2160
2158 2161
2159 2162
2160 2163
2161 2164
2162 2165
2163 2166
2164 2167
2165 2168
2166 2169
2167 2170
2168 2171
2169 2172
2170 2174
2171 2174
2172 2175
2173 2176
2174 2177
2175 2178
2176 2179
2177 2180
2178 2181
2179 2182
2180 2183
2181 2184
2182 2186
2183 2187
2184 2188
2185 2188
2186 2189
2187 2190
2188 2191
2189 2192
2190 2193
2191 2194
2192 2195
2193 2196
2194 2197
2195 2199
2196 2200
2197 2201
2199 2202
2200 2202
2201 2203
2202 2204
2203 2205
2204 2206
2205 2207
2206 2208
2207 2209
2208 2210
2209 2212
2210 2213
2211 2214
2212 2215
2213 2216
2214 2216
2215 2217
2216 2218
2217 2219
2218 2220
2219 2221
2220 2222
2221 2223
2222 2225
2223 2226
2224 2227
2225 2228
2226 2229
2227 2230
2228 2231
2229 2231
2230 2232
2231 2233
2232 2234
2233 2235
2234 2236
2235 2238
2236 2239
2237 2240
2238 2241
2239 2242
2240 2243
2242 2244
2243 2245
2244 2246
2245 2246
2246 2247
2247 2248
2248 2249
2249 2250
2250 2252
2251 2253
2252 2254
2253 2255
2254 2256
2255 2257
2256 2258
2257 2259
2258 2260
2259 2261
2260 2261
2261 2262
2262 2263
2263 2264
2264 2266
2265 2267
2266 2268
2267 2269
2268 2270
2269 2271
2270 2272
2271 2273
2272 2274
2273 2275
2274 2276
2275 2276
2276 2277
2277 2278
2278 2279
2279 2281
2280 2282
2281 2283
2282 2284
2283 2285
2285 2286
2286 2287
2287 2288
2288 2289
2289 2290
2290 2291
2291 2292
2292 2293
2293 2293
2294 2294
2295 2296
2296 2297
2297 2298
2298 2299
2299 2300
2300 2301
2301 2302
2302 2303
2303 2304
2304 2305
2305 2306
2306 2307
2307 2308
2308 2309
2309 2309
2310 2310
2311 2312
2312 2313
2313 2314
2314 2315
2315 2316
2316 2317
2317 2318
2318 2319
2319 2320
2320 2321
2321 2322
2322 2323
2323 2324
2324 2325
2325 2326
2326 2326
2328 2328
2329 2329
2330 2330
2331 2331
2332 2332
2333 2333
2334 2334
2335 2335
2336 2336
2337 2337
2338 2338
2339 2339
2340 2340
2341 2341
2342 2342
2343 2343
2344 2344
2345 2345
2346 2346
2347 2347
2348 2348
2349 2349
2350 2350
2351 2351
2352 2352
2353 2353
2354 2354
2355 2355
2356 2356
2357 2357
2358 2358
2359 2359
2360 2360
2361 2361
2362 2363
2363 2363
2364 2364
2365 2365
2366 2366
2367 2367
2368 2368
2369 2369
2371 2370
2372 2371
2373 2372
2374 2373
2375 2374
2376 2375
2377 2376
2378 2377
2379 2378
2380 2379
2381 2381
2382 2382
2383 2382
2384 2383
2385 2384
2386 2385
2387 2386
2388 2387
2389 2388
2390 2389
2391 2390
2392 2391
2393 2392
2394 2393
2395 2394
2396 2395
2397 2396
2398 2397
2399 2398
2400 2399
2401 2401
2402 2402
2403 2403
2404 2403
2405 2404
2406 2405
2407 2406
2408 2407
2409 2408
2410 2409
2411 2410
2412 2411
2414 2412
2415 2413
2416 2414
2417 2415
2418 2416
2419 2417
2420 2418
2421 2419
2422 2421
2423 2422
2424 2423
2425 2424
2426 2425
2427 2425
2428 2426
2429 2427
2430 2428
2431 2429
2432 2430
2433 2431
2434 2432
2435 2433
2436 2434
2437 2435
2438 2436
2439 2437
2440 2438
2441 2439
2442 2440
2443 2442
2444 2443
2445 2444
2446 2445
2447 2446
2448 2447
2449 2448
2450 2448
2451 2449
2452 2450
2453 2451
2454 2452
2455 2453
2457 2454
2458 2455
2459 2456
2460 2457
2461 2458
2462 2459
2463 2460
2464 2461
2465 2462
2466 2463
2467 2464
2468 2466
2469 2467
2470 2468
2471 2469
2472 2470
2473 2471
2474 2472
2475 2473
2476 2474
2477 2474
2478 2475
2479 2476
2480 2477
2481 2478
2482 2479
2483 2480
2484 2481
2485 2482
2486 2483
2487 2484
2488 2485
2489 2486
2490 2487
2491 2488
2492 2489
2493 2491
2494 2492
2495 2493
2496 2494
2497 2495
2498 2496
2499 2497
2501 2498
2502 2499
2503 2500
2504 2501
2505 2502
2506 2503
2507 2503
2508 2504
2509 2505
2510 2506
2511 2507
2512 2508
2513 2509
2514 2510
2515 2511
2516 2512
2517 2513
2518 2514
2519 2515
2520 2516
2521 2517
2522 2519
2523 2520
2524 2521
2525 2522
2526 2523
2527 2524
2528 2525
2529 2526
2530 2527
2531 2528
2532 2529
2533 2530
2534 2531
2535 2532
2536 2533
2537 2534
2538 2535
2539 2536
2540 2536
2541 2537
2542 2538
2544 2539
2545 2540
2546 2541
2547 2542
2548 2543
2549 2544
2550 2545
2551 2546
2552 2547
2553 2548
2554 2550
2555 2551
2556 2552
2557 2553
2558 2554
2559 2555
2560 2556
2561 2557
2562 2558
2563 2559
2564 2560
2565 2561
2566 2562
2567 2563
2568 2564
2569 2565
2570 2566
2571 2567
2572 2568
2573 2569
2574 2570
2575 2571
2576 2572
2577 2573
2578 2574
2579 2575
2580 2576
2581 2576
2582 2577
2583 2578
2584 2579
2585 2580
2587 2581
2588 2582
2589 2583
2590 2584
2591 2585
2592 2587
2593 2588
2594 2589
2595 2590
2596 2591
2597 2592
2598 2593
2599 2594
2600 2595
2601 2596
2602 2597
2603 2598
2604 2599
2605 2600
2606 2601
2607 2602
2608 2603
2609 2604
2610 2605
2611 2606
2612 2607
2613 2608
2614 2609
2615 2610
2616 2611
2617 2612
2618 2613
2619 2614
2620 2615
2621 2616
2622 2617
2623 2618
2624 2619
2625 2620
2626 2621
2627 2622
2628 2623
2630 2624
2631 2625
2632 2626
2633 2627
2634 2628
2635 2629
2636 2630
2637 2631
2638 2632
2639 2633
2640 2634
2641 2636
2642 2637
2643 2638
2644 2639
2645 2639
2646 2640
2647 2641
2648 2642
2649 2643
2650 2644
2651 2645
2652 2646
2653 2647
2654 2648
2655 2649
2656 2650
2657 2651
2658 2652
2659 2653
2660 2654
2661 2655
2662 2656
2663 2657
2664 2658
2665 2659
2666 2660
2667 2661
2668 2662
2669 2663
2670 2664
2671 2665
2673 2666
2674 2667
2675 2668
2676 2669
2677 2670
2678 2671
2679 2672
2680 2673
2681 2674
2682 2675
2683 2676
2684 2677
2685 2678
2686 2679
2687 2680
2688 2681
2689 2682
2690 2683
2691 2684
2692 2685
2693 2686
2694 2687
2695 2688
2696 2689
2697 2690
2698 2691
2699 2692
2700 2693
2701 2694
2702 2695
2703 2696
2704 2697
2705 2698
2706 2699
2707 2700
2708 2701
2709 2702
2710 2703
2711 2704
2712 2705
2713 2706
2714 2707
2716 2708
2717 2709
2718 2710
2719 2711
2720 2712
2721 2713
2722 2714
2723 2715
2724 2716
2725 2717
2726 2718
2727 2719
2728 2720
2729 2721
2730 2722
2731 2723
2732 2724
2733 2725
2734 2726
2735 2727
2736 2729
2737 2730
2738 2731
2739 2732
2740 2733
2741 2734
2742 2735
2743 2736
2744 2737
2745 2738
2746 2739
2747 2740
2748 2741
2749 2742
2750 2743
2751 2744
2752 2745
2753 2746
2754 2747
2755 2748
2756 2749
2757 2750
2759 2751
2760 2752
2761 2753
2762 2754
2763 2756
2764 2757
2765 2758
2766 2759
2767 2760
2768 2761
2769 2762
2770 2763
2771 2764
2772 2765
2773 2766
2774 2767
2775 2768
2776 2769
2777 2770
2778 2771
2779 2772
2780 2773
2781 2774
2782 2775
2783 2776
2784 2777
2785 2778
2786 2779
2787 2780
2788 2781
2789 2782
2790 2783
2791 2784
2792 2785
2793 2786
2794 2787
2795 2787
2796 2788
2797 2789
2798 2790
2799 2791
2800 2792
2802 2793
2803 2794
2804 2795
2805 2796
2806 2797
2807 2798
2808 2799
2809 2800
2810 2801
2811 2802
2812 2803
2813 2804
2814 2805
2815 2806
2816 2807
2817 2808
2818 2809
2819 2810
2820 2811
2821 2812
2822 2813
2823 2815
2824 2816
2825 2817
2826 2818
2827 2819
2828 2820
2829 2821
2830 2822
2831 2823
2832 2824
2833 2825
2834 2826
2835 2827
2836 2828
2837 2829
2838 2830
2839 2831
2840 2832
2841 2833
2842 2834
2843 2835
2845 2836
2846 2837
2847 2838
2848 2839
2849 2840
2850 2841
2851 2842
2852 2843
2853 2844
2854 2845
2855 2846
2856 2847
2857 2848
2858 2849
2859 2850
2860 2851
2861 2853
2862 2854
2863 2855
2864 2856
2865 2857
2866 2858
2867 2859
2868 2860
2869 2861
2870 2862
2871 2863
2872 2864
2873 2865
2874 2866
2875 2867
2876 2868
2877 2869
2878 2870
2879 2871
2880 2872
2881 2873
2882 2874
2883 2875
2884 2876
2885 2877
2886 2878
2887 2879
2889 2880
2890 2881
2891 2881
2892 2883
2893 2884
2894 2885
2895 2886
2896 2887
2897 2888
2898 2889
2899 2890
2900 2891
2901 2892
2902 2893
2903 2894
2904 2895
2905 2896
2906 2897
2907 2898
2908 2899
2909 2900
2910 2901
2911 2902
2912 2903
2913 2904
2914 2905
2915 2906
2916 2908
2917 2909
2918 2910
2919 2911
2920 2912
2921 2913
2922 2914
2923 2915
2924 2916
2925 2917
2926 2918
2927 2919
2928 2920
2929 2921
2930 2922
2932 2923
2933 2924
2934 2925
2935 2926
2936 2927
2937 2928
2938 2930
2939 2931
2940 2932
2941 2932
2942 2933
2943 2934
2944 2935
2945 2936
2946 2937
2947 2938
2948 2939
2949 2940
2950 2941
2951 2942
2952 2943
2953 2944
2954 2945
2955 2946
2956 2947
2957 2948
2958 2949
2959 2951
2960 2952
2961 2953
2962 2954
2963 2955
2964 2956
2965 2957
2966 2958
2967 2959
2968 2960
2969 2961
2970 2962
2971 2963
2972 2964
2973 2965
2975 2966
2976 2967
2977 2969
2978 2970
2979 2970
2980 2971
2981 2972
2982 2973
2983 2974
2984 2975
2985 2976
2986 2977
2987 2978
2988 2979
2989 2980
2990 2981
2991 2982
2992 2983
2993 2984
2994 2985
2995 2987
2996 2988
2997 2989
2998 2990
2999 2991
3000 2992
3001 2993
3002 2994
3003 2995
3004 2996
3005 2997
3006 2998
3007 2999
3008 3000
3009 3001
3010 3003
3011 3003
3012 3004
3013 3005
3014 3006
3015 3007
3016 3008
3018 3009
3019 3010
3020 3011
3021 3012
3022 3013
3023 3014
3024 3015
3025 3016
3026 3018
3027 3019
3028 3020
3029 3021
3030 3022
3031 3023
3032 3024
3033 3025
3034 3026
3035 3027
3036 3028
3037 3029
3038 3030
3039 3031
3040 3031
3041 3033
3042 3034
3043 3035
3044 3036
3045 3037
3046 3038
3047 3039
3048 3040
3049 3041
3050 3042
3051 3043
3052 3044
3053 3045
3054 3047
3055 3048
3056 3049
3057 3050
3058 3051
3059 3052
3061 3053
3062 3054
3063 3055
3064 3056
3065 3057
3066 3057
3067 3058
3068 3060
3069 3061
3070 3062
3071 3063
3072 3064
3073 3065
3074 3066
3075 3067
3076 3068
3077 3069
3078 3070
3079 3071
3080 3073
3081 3074
3082 3075
3083 3076
3084 3077
3085 3078
3086 3079
3087 3080
3088 3081
3089 3082
3090 3082
3091 3083
3092 3085
3093 3086
3094 3087
3095 3088
3096 3089
3097 3090
3098 3091
3099 3092
3100 3093
3101 3094
3102 3095
3104 3097
3105 3098
3106 3099
3107 3100
3108 3101
3109 3102
3110 3103
3111 3104
3112 3104
3113 3105
3114 3106
3115 3107
3116 3109
3117 3110
3118 3111
3119 3112
3120 3113
3121 3114
3122 3115
3123 3116
3124 3117
3125 3118
3126 3120
3127 3121
3128 3122
3129 3123
3130 3124
3131 3125
3132 3126
3133 3126
3134 3127
3135 3128
3136 3129
3137 3131
3138 3132
3139 3133
3140 3134
3141 3135
3142 3136
3143 3137
3144 3138
3145 3139
3147 3140
3148 3142
3149 3143
3150 3144
3151 3145
3152 3146
3153 3146
3154 3147
3155 3148
3156 3149
3157 3150
3158 3152
3159 3153
3160 3154
3161 3155
3162 3156
3163 3157
3164 3158
3165 3159
3166 3160
3167 3162
3168 3163
3169 3164
3170 3165
3171 3166
3172 3166
3173 3167
3174 3168
3175 3169
3176 3170
3177 3172
3178 3173
3179 3174
3180 3175
3181 3176
3182 3177
3183 3178
3184 3179
3185 3181
3186 3182
3187 3183
3188 3184
3190 3184
3191 3185
3192 3186
3193 3187
3194 3188
3195 3189
3196 3191
3197 3192
3198 3193
3199 3194
3200 3195
3201 3196
3202 3197
3203 3198
3204 3200
3205 3201
3206 3202
3207 3202
3208 3203
3209 3204
3210 3205
3211 3206
3212 3207
3213 3209
3214 3210
3215 3211
3216 3212
3217 3213
3218 3214
3219 3215
3220 3216
3221 3218
3222 3219
3223 3220
3224 3220
3225 3221
3226 3222
3227 3223
3228 3224
3229 3225
3230 3227
3231 3228
3233 3229
3234 3230
3235 3231
3236 3232
3237 3233
3238 3235
3239 3236
3240 3237
3241 3237
3242 3238
3243 3239
3244 3240
3245 3241
3246 3243
3247 3244
3248 3245
3249 3246
3250 3247
3251 3248
3252 3249
3253 3250
3254 3252
3255 3253
3256 3253
3257 3254
3258 3255
3259 3256
3260 3257
3261 3258
3262 3260
3263 3261
3264 3262
3265 3263
3266 3264
3267 3265
3268 3266
3269 3268
3270 3269
3271 3269
3272 3270
3273 3271
3274 3272
3276 3273
3277 3274
3278 3276
3279 3277
3280 3278
3281 3279
3282 3280
3283 3281
3284 3283
3285 3284
3286 3284
3287 3285
3288 3286
3289 3287
3290 3288
3291 3289
3292 3291
3293 3292
3294 3293
3295 3294
3296 3295
3297 3296
3298 3298
3299 3299
3300 3299
3301 3300
3302 3301
3303 3302
3304 3303
3305 3304
3306 3306
3307 3307
3308 3308
3309 3309
3310 3310
3311 3311
3312 3313
3313 3314
3314 3314
3315 3315
3316 3316
3317 3317
3318 3318
3320 3320
3321 3321
3322 3322
3323 3323
3324 3324
3325 3325
3326 3326
3327 3328
3328 3328
3329 3329
3330 3330
3331 3331
3332 3332
3333 3333
3334 3335
3335 3336
3336 3337
3337 3338
3338 3339
3339 3340
3340 3342
3341 3342
3342 3343
3343 3344
3344 3345
3345 3346
3346 3348
3347 3349
3348 3350
3349 3351
3350 3352
3351 3353
3352 3355
3353 3356
3354 3356
3355 3357
3356 3358
3357 3359
3358 3360
3359 3362
3360 3363
3361 3364
3363 3365
3364 3366
3365 3367
3366 3369
3367 3370
3368 3370
3369 3371
3370 3372
3371 3373
3372 3375
3373 3376
3374 3377
3375 3378
3376 3379
3377 3380
3378 3382
3379 3383
3380 3383
3381 3384
3382 3385
3383 3386
3384 3388
3385 3389
3386 3390
3387 3391
3388 3392
3389 3394
3390 3395
3391 3396
3392 3396
3393 3397
3394 3398
3395 3399
3396 3401
3397 3402
3398 3403
3399 3404
3400 3405
3401 3407
3402 3408
3403 3409
3404 3409
3406 3410
3407 3411
3408 3413
3409 3414
3410 3415
3411 3416
3412 3417
3413 3419
3414 3420
3415 3421
3416 3421
3417 3422
3418 3423
3419 3425
3420 3426
3421 3427
3422 3428
3423 3429
3424 3431
3425 3432
3426 3433
3427 3434
3428 3434
3429 3435
3430 3437
3431 3438
3432 3439
3433 3440
3434 3441
3435 3443
3436 3444
3437 3445
3438 3446
3439 3446
3440 3447
3441 3449
3442 3450
3443 3451
3444 3452
3445 3453
3446 3455
3447 3456
3449 3457
3450 3458
3451 3458
3452 3459
3453 3461
3454 3462
3455 3463
3456 3464
3457 3466
3458 3467
3459 3468
3460 3469
3461 3470
3462 3470
3463 3472
3464 3473
3465 3474
3466 3475
3467 3476
3468 3478
3469 3479
3470 3480
3471 3481
3472 3483
3473 3483
3474 3484
3475 3485
3476 3486
3477 3487
3478 3489
3479 3490
3480 3491
3481 3492
3482 3494
3483 3494
3484 3495
3485 3496
3486 3497
3487 3498
3488 3500
3489 3501
3490 3502
3492 3503
3493 3505
3494 3506
3495 3506
3496 3507
3497 3508
3498 3510
3499 3511
3500 3512
3501 3513
3502 3514
3503 3516
3504 3517
3505 3517
3506 3518
3507 3519
3508 3521
3509 3522
3510 3523
3511 3524
3512 3526
3513 3527
3514 3528
3515 3528
3516 3529
3517 3531
3518 3532
3519 3533
3520 3534
3521 3535
3522 3537
3523 3538
3524 3539
3525 3539
3526 3540
3527 3542
3528 3543
3529 3544
3530 3545
3531 3547
3532 3548
3533 3549
3535 3550
3536 3550
3537 3552
3538 3553
3539 3554
3540 3555
3541 3557
3542 3558
3543 3559
3544 3560
3545 3562
3546 3562
3547 3563
3548 3564
3549 3565
3550 3567
3551 3568
3552 3569
3553 3570
3554 3572
3555 3573
3556 3573
3557 3574
3558 3575
3559 3577
3560 3578
3561 3579
3562 3580
3563 3582
3564 3583
3565 3583
3566 3584
3567 3585
3568 3587
3569 3588
3570 3589
3571 3590
3572 3592
3573 3593
3574 3594
3575 3594
3576 3596
3578 3597
3579 3598
3580 3599
3581 3601
3582 3602
3583 3603
3584 3604
3585 3604
3586 3606
3587 3607
3588 3608
3589 3609
3590 3611
3591 3612
3592 3613
3593 3615
3594 3615
3595 3616
3596 3617
3597 3618
3598 3620
3599 3621
3600 3622
3601 3623
3602 3625
3603 3625
3604 3626
3605 3627
3606 3629
3607 3630
3608 3631
3609 3632
3610 3634
3611 3635
3612 3636
3613 3636
3614 3638
3615 3639
3616 3640
3617 3641
3618 3643
3619 3644
3621 3645
3622 3646
3623 3646
3624 3648
3625 3649
3626 3650
3627 3652
3628 3653
3629 3654
3630 3655
3631 3655
3632 3657
3633 3658
3634 3659
3635 3661
3636 3662
3637 3663
3638 3665
3639 3666
3640 3666
3641 3667
3642 3668
3643 3670
3644 3671
3645 3672
3646 3674
3647 3675
3648 3676
3649 3676
3650 3677
3651 3679
3652 3680
3653 3681
3654 3683
3655 3684
3656 3685
3657 3687
3658 3687
3659 3688
3660 3689
3661 3690
3662 3692
3664 3693
3665 3694
3666 3696
3667 3696
3668 3697
3669 3698
3670 3700
3671 3701
3672 3702
3673 3703
3674 3705
3675 3706
3676 3706
3677 3707
3678 3709
3679 3710
3680 3711
3681 3713
3682 3714
3683 3715
3684 3715
3685 3717
3686 3718
3687 3719
3688 3721
3689 3722
3690 3723
3691 3724
3692 3726
3693 3726
3694 3727
3695 3728
3696 3730
3697 3731
3698 3732
3699 3734
3700 3735
3701 3735
3702 3736
3703 3738
3704 3739
3705 3740
3706 3742
3708 3743
3709 3744
3710 3744
3711 3746
3712 3747
3713 3748
3714 3750
3715 3751
3716 3752
3717 3754
3718 3754
3719 3755
3720 3756
3721 3758
3722 3759
3723 3760
3724 3762
3725 3763
3726 3764
3727 3764
3728 3766
3729 3767
3730 3768
3731 3770
3732 3771
3733 3772
3734 3774
3735 3774
3736 3775
3737 3776
3738 3778
3739 3779
3740 3780
3741 3782
3742 3783
3743 3783
3744 3784
3745 3786
3746 3787
3747 3788
3748 3790
3749 3791
3751 3792
3752 3792
3753 3794
3754 3795
3755 3796
3756 3798
3757 3799
3758 3800
3759 3800
3760 3802
3761 3803
3762 3804
3763 3806
3764 3807
3765 3809
3766 3810
3767 3810
3768 3811
3769 3813
3770 3814
3771 3815
3772 3817
3773 3818
3774 3819
3775 3819
3776 3821
3777 3822
3778 3823
3779 3825
3780 3826
3781 3828
3782 3829
3783 3829
3784 3830
3785 3832
3786 3833
3787 3834
3788 3836
3789 3837
3790 3837
3791 3838
3792 3840
3794 3841
3795 3843
3796 3844
3797 3845
3798 3847
3799 3847
3800 3848
3801 3849
3802 3851
3803 3852
3804 3853
3805 3855
3806 3856
3807 3856
3808 3858
3809 3859
3810 3860
3811 3862
3812 3863
3813 3864
3814 3864
3815 3866
3816 3867
3817 3869
3818 3870
3819 3871
3820 3873
3821 3874
3822 3874
3823 3876
3824 3877
3825 3877
3826 3877
3827 3877
3828 3877
3829 3877
3830 3877
3831 3877
3832 3877
3833 3877
3834 3877
3835 3877
3837 3877
3838 3877
3839 3877
3840 3877
3841 3877
3842 3877
3843 3877
3844 3877
3845 3877
3846 3877
3847 3877
3848 3877
3849 3877
3850 3877
3851 3877
3852 3877
3853 3877
3854 3877
3855 3877
3856 3877
3857 3877
3858 3877
3859 3877
3860 3877
3861 3877
3862 3877
3863 3877
3864 3877
3865 3877
3866 3877
3867 3877
3868 3877
3869 3877
3870 3877
3871 3877
3872 3877
3873 3877
3874 3877
3875 3877
3876 3877
3877 3877
3878 3877
3880 3877
3881 3877
3882 3877
3883 3877
3884 3877
3885 3877
3886 3877
3887 3877
3888 3877
3889 3877
3890 3877
3891 3877
3892 3877
3893 3877
3894 3877
3895 3877
3896 3877
3897 3877
3898 3877
3899 3877
3900 3877
3901 3877
3902 3877
3903 3877
3904 3877
3905 3877
3906 3877
3907 3877
3908 3877
3909 3877
3910 3877
3911 3877
3912 3877
3913 3877
3914 3877
3915 3877
3916 3877
3917 3877
3918 3877
3919 3877
3920 3877
3921 3877
3923 3877
3924 3877
3925 3877
3926 3877
3927 3877
3928 3877
3929 3877
3930 3877
3931 3877
3932 3877
3933 3877
3934 3877
3935 3877
3936 3877
3937 3877
3938 3877
3939 3877
3940 3877
3941 3877
3942 3877
3943 3877
3944 3877
3945 3877
3946 3877
3947 3877
3948 3877
3949 3877
3950 3877
3951 3877
3952 3877
3953 3877
3954 3877
3955 3877
3956 3877
3957 3877
3958 3877
3959 3877
3960 3877
3961 3877
3962 3877
3963 3877
3964 3877
3966 3877
3967 3877
3968 3877
3969 3877
3970 3877
3971 3877
3972 3877
3973 3877
3974 3877
3975 3877
3976 3877
3977 3877
3978 3877
3979 3877
3980 3877
3981 3877
3982 3877
3983 3877
3984 3877
3985 3877
3986 3877
3987 3877
3988 3877
3989 3877
3990 3877
3991 3877
3992 3877
3993 3877
3994 3877
3995 3877
3996 3877
3997 3877
3998 3877
3999 3877
4000 3877
4001 3877
4002 3877
4003 3877
4004 3877
4005 3877
4006 3877
4007 3877
4009 3877
4010 3877
4011 3877
4012 3877
