81 101
82 102
83 104
84 105
85 106
87 107
88 109
89 110
90 111
91 112
92 114
93 115
94 116
95 117
96 119
97 120
98 121
99 122
100 124
101 125
102 126
103 127
104 129
105 130
106 131
107 132
108 134
109 135
110 136
111 137
112 139
113 140
114 141
115 143
116 144
117 145
118 146
119 148
120 149
121 150
122 151
123 153
124 154
125 155
126 156
127 158
128 159
130 160
131 161
132 163
133 164
134 165
135 166
136 168
137 169
138 170
139 171
140 173
141 174
142 175
143 176
144 178
145 179
146 180
147 181
148 183
149 184
150 185
151 186
152 188
153 189
154 190
155 191
156 193
157 194
158 195
159 196
160 198
161 199
162 200
163 201
164 203
165 204
166 205
167 206
168 208
169 209
170 210
171 211
173 213
174 214
175 215
176 216
177 218
178 219
179 220
180 221
181 223
182 224
183 225
184 226
185 228
186 229
187 230
188 231
189 233
190 234
191 235
192 236
193 238
194 239
195 240
196 241
197 243
198 244
199 245
200 246
201 248
202 249
203 250
204 251
205 253
206 254
207 255
208 256
209 258
210 259
211 260
212 261
213 263
214 264
216 265
217 266
218 268
219 269
220 270
221 271
222 273
223 274
224 275
225 276
226 278
227 279
228 280
229 281
230 283
231 284
232 285
233 286
234 288
235 289
236 290
237 291
238 293
239 294
240 295
241 296
242 298
243 299
244 300
245 301
246 303
247 304
248 305
249 306
250 308
251 309
252 310
253 311
254 313
255 314
256 315
257 316
259 318
260 319
261 320
262 321
263 322
264 324
265 325
266 326
267 327
268 329
269 330
270 331
271 332
272 334
273 335
274 336
275 337
276 339
277 340
278 341
279 342
280 344
281 345
282 346
283 347
284 349
285 350
286 351
287 352
288 354
289 355
290 356
291 357
292 359
293 360
294 361
295 362
296 364
297 365
298 366
299 367
300 369
302 370
303 371
304 372
305 374
306 375
307 376
308 377
309 379
310 380
311 381
312 382
313 384
314 385
315 386
316 387
317 389
318 390
319 391
320 392
321 394
322 395
323 396
324 397
325 399
326 400
327 401
328 402
329 404
330 405
331 406
332 407
333 409
334 410
335 411
336 412
337 414
338 415
339 416
340 417
341 419
342 420
343 421
345 422
346 424
347 425
348 426
349 427
350 429
351 430
352 431
353 432
354 434
355 435
356 436
357 437
358 439
359 440
360 441
361 442
362 444
363 445
364 446
365 447
366 448
367 450
368 451
369 452
370 453
371 455
372 456
373 457
374 458
375 460
376 461
377 462
378 463
379 465
380 466
381 467
382 468
383 470
384 471
385 472
386 473
388 475
389 476
390 477
391 478
392 480
393 481
394 482
395 483
396 485
397 486
398 487
399 488
400 490
401 491
402 492
403 493
404 495
405 496
406 497
407 498
408 500
409 501
410 502
411 503
412 505
413 506
414 507
415 508
416 510
417 511
418 512
419 513
420 514
421 516
422 517
423 518
424 519
425 521
426 522
427 523
428 524
429 526
430 527
432 528
433 529
434 531
435 532
436 533
437 534
438 536
439 537
440 538
441 539
442 541
443 542
444 543
445 544
446 546
447 547
448 548
449 549
450 551
451 552
452 553
453 554
454 556
455 557
456 558
457 559
458 560
459 562
460 563
461 564
462 565
463 567
464 568
465 569
466 570
467 572
468 573
469 574
470 575
471 577
472 578
473 579
475 580
476 582
477 583
478 584
479 585
480 587
481 588
482 589
483 590
484 592
485 593
486 594
487 595
488 597
489 598
490 599
491 600
492 601
493 603
494 604
495 605
496 606
497 608
498 609
499 610
500 611
501 613
502 614
503 615
504 616
505 618
506 619
507 620
508 621
509 623
510 624
511 625
512 626
513 628
514 629
515 630
516 631
518 633
519 634
520 635
521 636
522 637
523 639
524 640
525 641
526 642
527 644
528 645
529 646
530 647
531 649
532 650
533 651
534 652
535 654
536 655
537 656
538 657
539 659
540 660
541 661
542 662
543 664
544 665
545 666
546 667
547 668
548 670
549 671
550 672
551 673
552 675
553 676
554 677
555 678
556 680
557 681
558 682
559 683
561 685
562 686
563 687
564 688
565 690
566 691
567 692
568 693
569 694
570 696
571 697
572 698
573 699
574 701
575 702
576 703
577 704
578 706
579 707
580 708
581 709
582 711
583 712
584 713
585 714
586 716
587 717
588 718
589 719
590 720
591 722
592 723
593 724
594 725
595 727
596 728
597 729
598 730
599 732
600 733
601 734
602 735
604 737
605 738
606 739
607 740
608 741
609 743
610 744
611 745
612 746
613 748
614 749
615 750
616 751
617 753
618 754
619 755
620 756
621 758
622 759
623 760
624 761
625 763
626 764
627 765
628 766
629 767
630 769
631 770
632 771
633 772
634 774
635 775
636 776
637 777
638 779
639 780
640 781
641 782
642 784
643 785
644 786
645 787
647 788
648 790
649 791
650 792
651 793
652 795
653 796
654 797
655 798
656 800
657 801
658 802
659 803
660 804
661 806
662 807
663 808
664 809
665 811
666 812
667 813
668 814
669 816
670 817
671 818
672 819
673 821
674 822
675 823
676 824
677 825
678 827
679 828
680 829
681 830
682 832
683 833
684 834
685 835
686 837
687 838
688 839
690 840
691 841
692 843
693 844
694 845
695 846
696 848
697 849
698 850
699 851
700 853
701 854
702 855
703 856
704 857
705 859
706 860
707 861
708 862
709 864
710 865
711 866
712 867
713 869
714 870
715 871
716 872
717 873
718 875
719 876
720 877
721 878
722 880
723 881
724 882
725 883
726 885
727 886
728 887
729 888
730 889
731 891
733 892
734 893
735 894
736 896
737 897
738 898
739 899
740 901
741 902
742 903
743 904
744 905
745 907
746 908
747 909
748 910
749 912
750 913
751 914
752 915
753 917
754 918
755 919
756 920
757 921
758 923
759 924
760 925
761 926
762 928
763 929
764 930
765 931
766 932
767 934
768 935
769 936
770 937
771 939
772 940
773 941
774 942
776 944
777 945
778 946
779 947
780 948
781 950
782 951
783 952
784 953
785 955
786 956
787 957
788 958
789 959
790 961
791 962
792 963
793 964
794 966
795 967
796 968
797 969
798 971
799 972
800 973
801 974
802 975
803 977
804 978
805 979
806 980
807 982
808 983
809 984
810 985
811 986
812 988
813 989
814 990
815 991
816 993
817 994
818 995
820 996
821 997
822 999
823 1000
824 1001
825 1002
826 1004
827 1005
828 1006
829 1007
830 1008
831 1010
832 1011
833 1012
834 1013
835 1015
836 1016
837 1017
838 1018
839 1019
840 1021
841 1022
842 1023
843 1024
844 1026
845 1027
846 1028
847 1029
848 1030
849 1032
850 1033
851 1034
852 1035
853 1037
854 1038
855 1039
856 1040
857 1041
858 1043
859 1044
860 1045
861 1046
863 1048
864 1049
865 1050
866 1051
867 1052
868 1054
869 1055
870 1056
871 1057
872 1059
873 1060
874 1061
875 1062
876 1063
877 1065
878 1066
879 1067
880 1068
881 1070
882 1071
883 1072
884 1073
885 1074
886 1076
887 1077
888 1078
889 1079
890 1081
891 1082
892 1083
893 1084
894 1085
895 1087
896 1088
897 1089
898 1090
899 1092
900 1093
901 1094
902 1095
903 1096
904 1098
906 1099
907 1100
908 1101
909 1102
910 1104
911 1105
912 1106
913 1107
914 1109
915 1110
916 1111
917 1112
918 1113
919 1115
920 1116
921 1117
922 1118
923 1120
924 1121
925 1122
926 1123
927 1124
928 1126
929 1127
930 1128
931 1129
932 1130
933 1132
934 1133
935 1134
936 1135
937 1137
938 1138
939 1139
940 1140
941 1141
942 1143
943 1144
944 1145
945 1146
946 1147
947 1149
949 1150
950 1151
951 1152
952 1154
953 1155
954 1156
955 1157
956 1158
957 1160
958 1161
959 1162
960 1163
961 1165
962 1166
963 1167
964 1168
965 1169
966 1171
967 1172
968 1173
969 1174
970 1175
971 1177
972 1178
973 1179
974 1180
975 1181
976 1183
977 1184
978 1185
979 1186
980 1188
981 1189
982 1190
983 1191
984 1192
985 1194
986 1195
987 1196
988 1197
989 1198
990 1200
992 1201
993 1202
994 1203
995 1205
996 1206
997 1207
998 1208
999 1209
1000 1211
1001 1212
1002 1213
1003 1214
1004 1215
1005 1217
1006 1218
1007 1219
1008 1220
1009 1221
1010 1223
1011 1224
1012 1225
1013 1226
1014 1228
1015 1229
1016 1230
1017 1231
1018 1232
1019 1234
1020 1235
1021 1236
1022 1237
1023 1238
1024 1240
1025 1241
1026 1242
1027 1243
1028 1244
1029 1246
1030 1247
1031 1248
1032 1249
1033 1251
1035 1252
1036 1253
1037 1254
1038 1255
1039 1257
1040 1258
1041 1259
1042 1260
1043 1261
1044 1263
1045 1264
1046 1265
1047 1266
1048 1267
1049 1269
1050 1270
1051 1271
1052 1272
1053 1273
1054 1275
1055 1276
1056 1277
1057 1278
1058 1280
1059 1281
1060 1282
1061 1283
1062 1284
1063 1286
1064 1287
1065 1288
1066 1289
1067 1290
1068 1292
1069 1293
1070 1294
1071 1295
1072 1296
1073 1298
1074 1299
1075 1300
1076 1301
1078 1302
1079 1304
1080 1305
1081 1306
1082 1307
1083 1308
1084 1310
1085 1311
1086 1312
1087 1313
1088 1314
1089 1316
1090 1317
1091 1318
1092 1319
1093 1320
1094 1322
1095 1323
1096 1324
1097 1325
1098 1326
1099 1328
1100 1329
1101 1330
1102 1331
1103 1333
1104 1334
1105 1335
1106 1336
1107 1337
1108 1339
1109 1340
1110 1341
1111 1342
1112 1343
1113 1345
1114 1346
1115 1347
1116 1348
1117 1349
1118 1351
1119 1352
1121 1353
1122 1354
1123 1355
1124 1357
1125 1358
1126 1359
1127 1360
1128 1361
1129 1363
1130 1364
1131 1365
1132 1366
1133 1367
1134 1369
1135 1370
1136 1371
1137 1372
1138 1373
1139 1375
1140 1376
1141 1377
1142 1378
1143 1379
1144 1381
1145 1382
1146 1383
1147 1384
1148 1385
1149 1387
1150 1388
1151 1389
1152 1390
1153 1391
1154 1393
1155 1394
1156 1395
1157 1396
1158 1397
1159 1399
1160 1400
1161 1401
1162 1402
1164 1403
1165 1405
1166 1406
1167 1407
1168 1408
1169 1409
1170 1411
1171 1412
1172 1413
1173 1414
1174 1415
1175 1416
1176 1418
1177 1419
1178 1420
1179 1421
1180 1422
1181 1424
1182 1425
1183 1426
1184 1427
1185 1428
1186 1430
1187 1431
1188 1432
1189 1433
1190 1434
1191 1436
1192 1437
1193 1438
1194 1439
1195 1440
1196 1442
1197 1443
1198 1444
1199 1445
1200 1446
1201 1448
1202 1449
1203 1450
1204 1451
1205 1452
1207 1454
1208 1455
1209 1456
1210 1457
1211 1458
1212 1460
1213 1461
1214 1462
1215 1463
1216 1464
1217 1465
1218 1467
1219 1468
1220 1469
1221 1470
1222 1471
1223 1473
1224 1474
1225 1475
1226 1476
1227 1477
1228 1479
1229 1480
1230 1481
1231 1482
1232 1483
1233 1485
1234 1486
1235 1487
1236 1488
1237 1489
1238 1491
1239 1492
1240 1493
1241 1494
1242 1495
1243 1496
1244 1498
1245 1499
1246 1500
1247 1501
1248 1502
1249 1504
1251 1505
1252 1506
1253 1507
1254 1508
1255 1510
1256 1511
1257 1512
1258 1513
1259 1514
1260 1515
1261 1517
1262 1518
1263 1519
1264 1520
1265 1521
1266 1523
1267 1524
1268 1525
1269 1526
1270 1527
1271 1529
1272 1530
1273 1531
1274 1532
1275 1533
1276 1535
1277 1536
1278 1537
1279 1538
1280 1539
1281 1540
1282 1542
1283 1543
1284 1544
1285 1545
1286 1546
1287 1548
1288 1549
1289 1550
1290 1551
1291 1552
1292 1553
1294 1555
1295 1556
1296 1557
1297 1558
1298 1559
1299 1561
1300 1562
1301 1563
1302 1564
1303 1565
1304 1567
1305 1568
1306 1569
1307 1570
1308 1571
1309 1572
1310 1574
1311 1575
1312 1576
1313 1577
1314 1578
1315 1580
1316 1581
1317 1582
1318 1583
1319 1584
1320 1585
1321 1587
1322 1588
1323 1589
1324 1590
1325 1591
1326 1593
1327 1594
1328 1595
1329 1596
1330 1597
1331 1598
1332 1600
1333 1601
1334 1602
1335 1603
1337 1604
1338 1606
1339 1607
1340 1608
1341 1609
1342 1610
1343 1611
1344 1613
1345 1614
1346 1615
1347 1616
1348 1617
1349 1619
1350 1620
1351 1621
1352 1622
1353 1623
1354 1624
1355 1626
1356 1627
1357 1628
1358 1629
1359 1630
1360 1632
1361 1633
1362 1634
1363 1635
1364 1636
1365 1637
1366 1639
1367 1640
1368 1641
1369 1642
1370 1643
1371 1644
1372 1646
1373 1647
1374 1648
1375 1649
1376 1650
1377 1652
1378 1653
1380 1654
1381 1655
1382 1656
1383 1657
1384 1659
1385 1660
1386 1661
1387 1662
1388 1663
1389 1664
1390 1666
1391 1667
1392 1668
1393 1669
1394 1670
1395 1672
1396 1673
1397 1674
1398 1675
1399 1676
1400 1677
1401 1679
1402 1680
1403 1681
1404 1682
1405 1683
1406 1684
1407 1686
1408 1687
1409 1688
1410 1689
1411 1690
1412 1692
1413 1693
1414 1694
1415 1695
1416 1696
1417 1697
1418 1699
1419 1700
1420 1701
1421 1702
1423 1703
1424 1704
1425 1706
1426 1707
1427 1708
1428 1709
1429 1710
1430 1711
1431 1713
1432 1714
1433 1715
1434 1716
1435 1717
1436 1718
1437 1720
1438 1721
1439 1722
1440 1723
1441 1724
1442 1726
1443 1727
1444 1728
1445 1729
1446 1730
1447 1731
1448 1733
1449 1734
1450 1735
1451 1736
1452 1737
1453 1738
1454 1740
1455 1741
1456 1742
1457 1743
1458 1744
1459 1745
1460 1747
1461 1748
1462 1749
1463 1750
1464 1751
1466 1752
1467 1754
1468 1755
1469 1756
1470 1757
1471 1758
1472 1759
1473 1761
1474 1762
1475 1763
1476 1764
1477 1765
1478 1766
1479 1768
1480 1769
1481 1770
1482 1771
1483 1772
1484 1773
1485 1775
1486 1776
1487 1777
1488 1778
1489 1779
1490 1780
1491 1782
1492 1783
1493 1784
1494 1785
1495 1786
1496 1787
1497 1789
1498 1790
1499 1791
1500 1792
1501 1793
1502 1794
1503 1796
1504 1797
1505 1798
1506 1799
1507 1800
1509 1801
1510 1803
1511 1804
1512 1805
1513 1806
1514 1807
1515 1808
1516 1809
1517 1811
1518 1812
1519 1813
1520 1814
1521 1815
1522 1816
1523 1818
1524 1819
1525 1820
1526 1821
1527 1822
1528 1823
1529 1825
1530 1826
1531 1827
1532 1828
1533 1829
1534 1830
1535 1832
1536 1833
1537 1834
1538 1835
1539 1836
1540 1837
1541 1839
1542 1840
1543 1841
1544 1842
1545 1843
1546 1844
1547 1845
1548 1847
1549 1848
1550 1849
1552 1850
1553 1851
1554 1852
1555 1854
1556 1855
1557 1856
1558 1857
1559 1858
1560 1859
1561 1861
1562 1862
1563 1863
1564 1864
1565 1865
1566 1866
1567 1867
1568 1869
1569 1870
1570 1871
1571 1872
1572 1873
1573 1874
1574 1876
1575 1877
1576 1878
1577 1879
1578 1880
1579 1881
1580 1883
1581 1884
1582 1885
1583 1886
1584 1887
1585 1888
1586 1889
1587 1891
1588 1892
1589 1893
1590 1894
1591 1895
1592 1896
1593 1898
1595 1899
1596 1900
1597 1901
1598 1902
1599 1903
1600 1904
1601 1906
1602 1907
1603 1908
1604 1909
1605 1910
1606 1911
1607 1913
1608 1914
1609 1915
1610 1916
1611 1917
1612 1918
1613 1919
1614 1921
1615 1922
1616 1923
1617 1924
1618 1925
1619 1926
1620 1927
1621 1929
1622 1930
1623 1931
1624 1932
1625 1933
1626 1934
1627 1936
1628 1937
1629 1938
1630 1939
1631 1940
1632 1941
1633 1942
1634 1944
1635 1945
1636 1946
1637 1947
1639 1948
1640 1949
1641 1950
1642 1952
1643 1953
1644 1954
1645 1955
1646 1956
1647 1957
1648 1959
1649 1960
1650 1961
1651 1962
1652 1963
1653 1964
1654 1965
1655 1967
1656 1968
1657 1969
1658 1970
1659 1971
1660 1972
1661 1973
1662 1975
1663 1976
1664 1977
1665 1978
1666 1979
1667 1980
1668 1981
1669 1983
1670 1984
1671 1985
1672 1986
1673 1987
1674 1988
1675 1989
1676 1991
1677 1992
1678 1993
1679 1994
1680 1995
1682 1996
1683 1997
1684 1999
1685 2000
1686 2001
1687 2002
1688 2003
1689 2004
1690 2005
1691 2007
1692 2008
1693 2009
1694 2010
1695 2011
1696 2012
1697 2013
1698 2015
1699 2016
1700 2017
1701 2018
1702 2019
1703 2020
1704 2021
1705 2023
1706 2024
1707 2025
1708 2026
1709 2027
1710 2028
1711 2029
1712 2031
1713 2032
1714 2033
1715 2034
1716 2035
1717 2036
1718 2037
1719 2039
1720 2040
1721 2041
1722 2042
1723 2043
1725 2044
1726 2045
1727 2047
1728 2048
1729 2049
1730 2050
1731 2051
1732 2052
1733 2053
1734 2055
1735 2056
1736 2057
1737 2058
1738 2059
1739 2060
1740 2061
1741 2062
1742 2064
1743 2065
1744 2066
1745 2067
1746 2068
1747 2069
1748 2070
1749 2072
1750 2073
1751 2074
1752 2075
1753 2076
1754 2077
1755 2078
1756 2080
1757 2081
1758 2082
1759 2083
1760 2084
1761 2085
1762 2086
1763 2087
1764 2089
1765 2090
1766 2091
1768 2092
1769 2093
1770 2094
1771 2095
1772 2097
1773 2098
1774 2099
1775 2100
1776 2101
1777 2102
1778 2103
1779 2104
1780 2106
1781 2107
1782 2108
1783 2109
1784 2110
1785 2111
1786 2112
1787 2114
1788 2115
1789 2116
1790 2117
1791 2118
1792 2119
1793 2120
1794 2121
1795 2123
1796 2124
1797 2125
1798 2126
1799 2127
1800 2128
1801 2129
1802 2130
1803 2132
1804 2133
1805 2134
1806 2135
1807 2136
1808 2137
1809 2138
1811 2139
1812 2141
1813 2142
1814 2143
1815 2144
1816 2145
1817 2146
1818 2147
1819 2149
1820 2150
1821 2151
1822 2152
1823 2153
1824 2154
1825 2155
1826 2156
1827 2158
1828 2159
1829 2160
1830 2161
1831 2162
1832 2163
1833 2164
1834 2165
1835 2167
1836 2168
1837 2169
1838 2170
1839 2171
1840 2172
1841 2173
1842 2174
1843 2176
1844 2177
1845 2178
1846 2179
1847 2180
1848 2181
1849 2182
1850 2183
1851 2185
1852 2186
1854 2187
1855 2188
1856 2189
1857 2190
1858 2191
1859 2192
1860 2194
1861 2195
1862 2196
1863 2197
1864 2198
1865 2199
1866 2200
1867 2201
1868 2202
1869 2204
1870 2205
1871 2206
1872 2207
1873 2208
1874 2209
1875 2210
1876 2211
1877 2213
1878 2214
1879 2215
1880 2216
1881 2217
1882 2218
1883 2219
1884 2220
1885 2222
1886 2223
1887 2224
1888 2225
1889 2226
1890 2227
1891 2228
1892 2229
1893 2230
1894 2232
1895 2233
1897 2234
1898 2235
1899 2236
1900 2237
1901 2238
1902 2239
1903 2241
1904 2242
1905 2243
1906 2244
1907 2245
1908 2246
1909 2247
1910 2248
1911 2249
1912 2251
1913 2252
1914 2253
1915 2254
1916 2255
1917 2256
1918 2257
1919 2258
1920 2259
1921 2261
1922 2262
1923 2263
1924 2264
1925 2265
1926 2266
1927 2267
1928 2268
1929 2270
1930 2271
1931 2272
1932 2273
1933 2274
1934 2275
1935 2276
1936 2277
1937 2278
1938 2280
1940 2281
1941 2282
1942 2283
1943 2284
1944 2285
1945 2286
1946 2287
1947 2288
1948 2290
1949 2291
1950 2292
1951 2293
1952 2294
1953 2295
1954 2296
1955 2297
1956 2298
1957 2300
1958 2301
1959 2302
1960 2303
1961 2304
1962 2305
1963 2306
1964 2307
1965 2308
1966 2310
1967 2311
1968 2312
1969 2313
1970 2314
1971 2315
1972 2316
1973 2317
1974 2318
1975 2319
1976 2321
1977 2322
1978 2323
1979 2324
1980 2325
1981 2326
1983 2327
1984 2328
1985 2329
1986 2331
1987 2332
1988 2333
1989 2334
1990 2335
1991 2336
1992 2337
1993 2338
1994 2339
1995 2341
1996 2342
1997 2343
1998 2344
1999 2345
2000 2346
2001 2347
2002 2348
2003 2349
2004 2350
2005 2352
2006 2353
2007 2354
2008 2355
2009 2356
2010 2357
2011 2358
2012 2359
2013 2360
2014 2361
2015 2363
2016 2364
2017 2365
2018 2366
2019 2367
2020 2368
2021 2369
2022 2370
2023 2371
2024 2373
2026 2374
2027 2375
2028 2376
2029 2377
2030 2378
2031 2379
2032 2380
2033 2381
2034 2382
2035 2384
2036 2385
2037 2386
2038 2387
2039 2388
2040 2389
2041 2390
2042 2391
2043 2392
2044 2393
2045 2395
2046 2396
2047 2397
2048 2398
2049 2399
2050 2400
2051 2401
2052 2402
2053 2403
2054 2404
2055 2405
2056 2407
2057 2408
2058 2409
2059 2410
2060 2411
2061 2412
2062 2413
2063 2414
2064 2415
2065 2416
2066 2418
2067 2419
2068 2420
2070 2421
2071 2422
2072 2423
2073 2424
2074 2425
2075 2426
2076 2427
2077 2429
2078 2430
2079 2431
2080 2432
2081 2433
2082 2434
2083 2435
2084 2436
2085 2437
2086 2438
2087 2439
2088 2441
2089 2442
2090 2443
2091 2444
2092 2445
2093 2446
2094 2447
2095 2448
2096 2449
2097 2450
2098 2451
2099 2453
2100 2454
2101 2455
2102 2456
2103 2457
2104 2458
2105 2459
2106 2460
2107 2461
2108 2462
2109 2463
2110 2465
2111 2466
2113 2467
2114 2468
2115 2469
2116 2470
2117 2471
2118 2472
2119 2473
2120 2474
2121 2475
2122 2477
2123 2478
2124 2479
2125 2480
2126 2481
2127 2482
2128 2483
2129 2484
2130 2485
2131 2486
2132 2487
2133 2488
2134 2490
2135 2491
2136 2492
2137 2493
2138 2494
2139 2495
2140 2496
2141 2497
2142 2498
2143 2499
2144 2500
2145 2502
2146 2503
2147 2504
2148 2505
2149 2506
2150 2507
2151 2508
2152 2509
2153 2510
2154 2511
2156 2512
2157 2513
2158 2515
2159 2516
2160 2517
2161 2518
2162 2519
2163 2520
2164 2521
2165 2522
2166 2523
2167 2524
2168 2525
2169 2526
2170 2528
2171 2529
2172 2530
2173 2531
2174 2532
2175 2533
2176 2534
2177 2535
2178 2536
2179 2537
2180 2538
2181 2539
2182 2541
2183 2542
2184 2543
2185 2544
2186 2545
2187 2546
2188 2547
2189 2548
2190 2549
2191 2550
2192 2551
2193 2552
2194 2553
2195 2555
2196 2556
2197 2557
2199 2558
2200 2559
2201 2560
2202 2561
2203 2562
2204 2563
2205 2564
2206 2565
2207 2566
2208 2567
2209 2569
2210 2570
2211 2571
2212 2572
2213 2573
2214 2574
2215 2575
2216 2576
2217 2577
2218 2578
2219 2579
2220 2580
2221 2581
2222 2583
2223 2584
2224 2585
2225 2586
2226 2587
2227 2588
2228 2589
2229 2590
2230 2591
2231 2592
2232 2593
2233 2594
2234 2595
2235 2597
2236 2598
2237 2599
2238 2600
2239 2601
2240 2602
2242 2603
2243 2604
2244 2605
2245 2606
2246 2607
2247 2608
2248 2609
2249 2610
2250 2612
2251 2613
2252 2614
2253 2615
2254 2616
2255 2617
2256 2618
2257 2619
2258 2620
2259 2621
2260 2622
2261 2623
2262 2624
2263 2625
2264 2627
2265 2628
2266 2629
2267 2630
2268 2631
2269 2632
2270 2633
2271 2634
2272 2635
2273 2636
2274 2637
2275 2638
2276 2639
2277 2640
2278 2641
2279 2643
2280 2644
2281 2645
2282 2646
2283 2647
2285 2648
2286 2649
2287 2650
2288 2651
2289 2652
2290 2653
2291 2654
2292 2655
2293 2656
2294 2657
2295 2659
2296 2660
2297 2661
2298 2662
2299 2663
2300 2664
2301 2665
2302 2666
2303 2667
2304 2668
2305 2669
2306 2670
2307 2671
2308 2672
2309 2673
2310 2674
2311 2676
2312 2677
2313 2678
2314 2679
2315 2680
2316 2681
2317 2682
2318 2683
2319 2684
2320 2685
2321 2686
2322 2687
2323 2688
2324 2689
2325 2690
2326 2691
2328 2693
2329 2694
2330 2695
2331 2696
2332 2697
2333 2698
2334 2699
2335 2700
2336 2701
2337 2702
2338 2703
2339 2704
2340 2705
2341 2706
2342 2707
2343 2708
2344 2709
2345 2711
2346 2712
2347 2713
2348 2714
2349 2715
2350 2716
2351 2717
2352 2718
2353 2719
2354 2720
2355 2721
2356 2722
2357 2723
2358 2724
2359 2725
2360 2726
2361 2727
2362 2729
2363 2730
2364 2731
2365 2732
2366 2733
2367 2734
2368 2735
2369 2736
2371 2737
2372 2738
2373 2739
2374 2740
2375 2741
2376 2742
2377 2743
2378 2744
2379 2745
2380 2746
2381 2748
2382 2749
2383 2750
2384 2751
2385 2752
2386 2753
2387 2754
2388 2755
2389 2756
2390 2757
2391 2758
2392 2759
2393 2760
2394 2761
2395 2762
2396 2763
2397 2764
2398 2765
2399 2766
2400 2767
2401 2769
2402 2770
2403 2771
2404 2772
2405 2773
2406 2774
2407 2775
2408 2776
2409 2777
2410 2778
2411 2779
2412 2780
2414 2781
2415 2782
2416 2783
2417 2784
2418 2785
2419 2786
2420 2787
2421 2788
2422 2790
2423 2791
2424 2792
2425 2793
2426 2794
2427 2795
2428 2796
2429 2797
2430 2798
2431 2799
2432 2800
2433 2801
2434 2802
2435 2803
2436 2804
2437 2805
2438 2806
2439 2807
2440 2808
2441 2809
2442 2810
2443 2812
2444 2813
2445 2814
2446 2815
2447 2816
2448 2817
2449 2818
2450 2819
2451 2820
2452 2821
2453 2822
2454 2823
2455 2824
2457 2825
2458 2826
2459 2827
2460 2828
2461 2829
2462 2830
2463 2831
2464 2832
2465 2833
2466 2834
2467 2835
2468 2837
2469 2838
2470 2839
2471 2840
2472 2841
2473 2842
2474 2843
2475 2844
2476 2845
2477 2846
2478 2847
2479 2848
2480 2849
2481 2850
2482 2851
2483 2852
2484 2853
2485 2854
2486 2855
2487 2856
2488 2857
2489 2858
2490 2859
2491 2860
2492 2861
2493 2863
2494 2864
2495 2865
2496 2866
2497 2867
2498 2868
2499 2869
2501 2870
2502 2871
2503 2872
2504 2873
2505 2874
2506 2875
2507 2876
2508 2877
2509 2878
2510 2879
2511 2880
2512 2881
2513 2882
2514 2883
2515 2884
2516 2885
2517 2886
2518 2887
2519 2888
2520 2889
2521 2890
2522 2892
2523 2893
2524 2894
2525 2895
2526 2896
2527 2897
2528 2898
2529 2899
2530 2900
2531 2901
2532 2902
2533 2903
2534 2904
2535 2905
2536 2906
2537 2907
2538 2908
2539 2909
2540 2910
2541 2911
2542 2912
2544 2913
2545 2914
2546 2915
2547 2916
2548 2917
2549 2918
2550 2919
2551 2920
2552 2921
2553 2922
2554 2924
2555 2925
2556 2926
2557 2927
2558 2928
2559 2929
2560 2930
2561 2931
2562 2932
2563 2933
2564 2934
2565 2935
2566 2936
2567 2937
2568 2938
2569 2939
2570 2940
2571 2941
2572 2942
2573 2943
2574 2944
2575 2945
2576 2946
2577 2947
2578 2948
2579 2949
2580 2950
2581 2951
2582 2952
2583 2953
2584 2954
2585 2955
2587 2956
2588 2957
2589 2958
2590 2959
2591 2960
2592 2962
2593 2963
2594 2964
2595 2965
2596 2966
2597 2967
2598 2968
2599 2969
2600 2970
2601 2971
2602 2972
2603 2973
2604 2974
2605 2975
2606 2976
2607 2977
2608 2978
2609 2979
2610 2980
2611 2981
2612 2982
2613 2983
2614 2984
2615 2985
2616 2986
2617 2987
2618 2988
2619 2989
2620 2990
2621 2991
2622 2992
2623 2993
2624 2994
2625 2995
2626 2996
2627 2997
2628 2998
2630 2999
2631 3000
2632 3001
2633 3002
2634 3003
2635 3004
2636 3005
2637 3006
2638 3007
2639 3008
2640 3009
2641 3011
2642 3012
2643 3013
2644 3014
2645 3015
2646 3016
2647 3017
2648 3018
2649 3019
2650 3020
2651 3021
2652 3022
2653 3023
2654 3024
2655 3025
2656 3026
2657 3027
2658 3028
2659 3029
2660 3030
2661 3031
2662 3032
2663 3033
2664 3034
2665 3035
2666 3036
2667 3037
2668 3038
2669 3039
2670 3040
2671 3041
2673 3042
2674 3043
2675 3044
2676 3045
2677 3046
2678 3047
2679 3048
2680 3049
2681 3050
2682 3051
2683 3052
2684 3053
2685 3054
2686 3055
2687 3056
2688 3057
2689 3058
2690 3059
2691 3060
2692 3061
2693 3062
2694 3063
2695 3064
2696 3065
2697 3066
2698 3067
2699 3068
2700 3069
2701 3070
2702 3071
2703 3072
2704 3073
2705 3074
2706 3075
2707 3076
2708 3077
2709 3078
2710 3079
2711 3080
2712 3081
2713 3082
2714 3083
2716 3084
2717 3085
2718 3086
2719 3087
2720 3088
2721 3089
2722 3090
2723 3091
2724 3092
2725 3093
2726 3094
2727 3095
2728 3096
2729 3097
2730 3098
2731 3099
2732 3100
2733 3101
2734 3102
2735 3103
2736 3105
2737 3106
2738 3107
2739 3108
2740 3109
2741 3110
2742 3111
2743 3112
2744 3113
2745 3114
2746 3115
2747 3116
2748 3117
2749 3118
2750 3119
2751 3120
2752 3121
2753 3122
2754 3123
2755 3124
2756 3125
2757 3126
2759 3127
2760 3128
2761 3129
2762 3130
2763 3131
2764 3132
2765 3133
2766 3134
2767 3135
2768 3136
2769 3137
2770 3138
2771 3139
2772 3140
2773 3141
2774 3142
2775 3143
2776 3144
2777 3145
2778 3146
2779 3147
2780 3148
2781 3149
2782 3150
2783 3151
2784 3152
2785 3153
2786 3154
2787 3155
2788 3156
2789 3157
2790 3158
2791 3159
2792 3160
2793 3161
2794 3162
2795 3162
2796 3163
2797 3164
2798 3165
2799 3166
2800 3167
2802 3168
2803 3169
2804 3170
2805 3171
2806 3172
2807 3173
2808 3174
2809 3175
2810 3176
2811 3177
2812 3178
2813 3179
2814 3180
2815 3181
2816 3182
2817 3183
2818 3184
2819 3185
2820 3186
2821 3187
2822 3188
2823 3189
2824 3190
2825 3191
2826 3192
2827 3193
2828 3194
2829 3195
2830 3196
2831 3197
2832 3198
2833 3199
2834 3200
2835 3201
2836 3202
2837 3203
2838 3204
2839 3205
2840 3206
2841 3207
2842 3208
2843 3209
2845 3210
2846 3211
2847 3212
2848 3213
2849 3214
2850 3215
2851 3216
2852 3217
2853 3218
2854 3219
2855 3220
2856 3221
2857 3222
2858 3223
2859 3224
2860 3225
2861 3226
2862 3227
2863 3228
2864 3229
2865 3230
2866 3231
2867 3232
2868 3233
2869 3234
2870 3235
2871 3236
2872 3237
2873 3238
2874 3239
2875 3240
2876 3241
2877 3242
2878 3243
2879 3244
2880 3245
2881 3246
2882 3247
2883 3248
2884 3249
2885 3250
2886 3251
2887 3252
2889 3253
2890 3254
2891 3254
2892 3255
2893 3256
2894 3257
2895 3258
2896 3259
2897 3260
2898 3261
2899 3262
2900 3263
2901 3264
2902 3265
2903 3266
2904 3267
2905 3268
2906 3269
2907 3270
2908 3271
2909 3272
2910 3273
2911 3274
2912 3275
2913 3276
2914 3277
2915 3278
2916 3279
2917 3280
2918 3281
2919 3282
2920 3283
2921 3284
2922 3285
2923 3286
2924 3287
2925 3288
2926 3289
2927 3290
2928 3291
2929 3292
2930 3293
2932 3294
2933 3295
2934 3296
2935 3297
2936 3298
2937 3299
2938 3300
2939 3301
2940 3302
2941 3302
2942 3303
2943 3304
2944 3305
2945 3306
2946 3307
2947 3308
2948 3309
2949 3310
2950 3311
2951 3312
2952 3313
2953 3314
2954 3315
2955 3316
2956 3317
2957 3318
2958 3319
2959 3320
2960 3321
2961 3322
2962 3323
2963 3324
2964 3325
2965 3326
2966 3327
2967 3328
2968 3329
2969 3330
2970 3331
2971 3332
2972 3333
2973 3334
2975 3335
2976 3336
2977 3337
2978 3338
2979 3338
2980 3339
2981 3340
2982 3341
2983 3342
2984 3343
2985 3344
2986 3345
2987 3346
2988 3347
2989 3348
2990 3349
2991 3350
2992 3351
2993 3352
2994 3353
2995 3354
2996 3355
2997 3356
2998 3357
2999 3358
3000 3359
3001 3360
3002 3361
3003 3362
3004 3363
3005 3364
3006 3365
3007 3366
3008 3367
3009 3368
3010 3369
3011 3369
3012 3370
3013 3371
3014 3372
3015 3373
3016 3374
3018 3375
3019 3376
3020 3377
3021 3378
3022 3379
3023 3380
3024 3381
3025 3382
3026 3383
3027 3384
3028 3385
3029 3386
3030 3387
3031 3388
3032 3389
3033 3390
3034 3391
3035 3392
3036 3393
3037 3394
3038 3395
3039 3396
3040 3396
3041 3397
3042 3398
3043 3399
3044 3400
3045 3401
3046 3402
3047 3403
3048 3404
3049 3405
3050 3406
3051 3407
3052 3408
3053 3409
3054 3410
3055 3411
3056 3412
3057 3413
3058 3414
3059 3415
3061 3416
3062 3417
3063 3418
3064 3419
3065 3420
3066 3420
3067 3421
3068 3422
3069 3423
3070 3424
3071 3425
3072 3426
3073 3427
3074 3428
3075 3429
3076 3430
3077 3431
3078 3432
3079 3433
3080 3434
3081 3435
3082 3436
3083 3437
3084 3438
3085 3439
3086 3440
3087 3441
3088 3442
3089 3443
3090 3443
3091 3444
3092 3445
3093 3446
3094 3447
3095 3448
3096 3449
3097 3450
3098 3451
3099 3452
3100 3453
3101 3454
3102 3455
3104 3456
3105 3457
3106 3458
3107 3459
3108 3460
3109 3461
3110 3462
3111 3463
3112 3463
3113 3464
3114 3465
3115 3466
3116 3467
3117 3468
3118 3469
3119 3470
3120 3471
3121 3472
3122 3473
3123 3474
3124 3475
3125 3476
3126 3477
3127 3478
3128 3479
3129 3480
3130 3481
3131 3482
3132 3483
3133 3483
3134 3484
3135 3485
3136 3486
3137 3487
3138 3488
3139 3489
3140 3490
3141 3491
3142 3492
3143 3493
3144 3494
3145 3495
3147 3496
3148 3497
3149 3498
3150 3499
3151 3500
3152 3501
3153 3501
3154 3502
3155 3503
3156 3504
3157 3505
3158 3506
3159 3507
3160 3508
3161 3509
3162 3510
3163 3511
3164 3512
3165 3513
3166 3514
3167 3515
3168 3516
3169 3517
3170 3518
3171 3519
3172 3519
3173 3520
3174 3521
3175 3522
3176 3523
3177 3524
3178 3525
3179 3526
3180 3527
3181 3528
3182 3529
3183 3530
3184 3531
3185 3532
3186 3533
3187 3534
3188 3535
3190 3535
3191 3536
3192 3537
3193 3538
3194 3539
3195 3540
3196 3541
3197 3542
3198 3543
3199 3544
3200 3545
3201 3546
3202 3547
3203 3548
3204 3549
3205 3550
3206 3551
3207 3551
3208 3552
3209 3553
3210 3554
3211 3555
3212 3556
3213 3557
3214 3558
3215 3559
3216 3560
3217 3561
3218 3562
3219 3563
3220 3564
3221 3565
3222 3566
3223 3567
3224 3567
3225 3568
3226 3569
3227 3570
3228 3571
3229 3572
3230 3573
3231 3574
3233 3575
3234 3576
3235 3577
3236 3578
3237 3579
3238 3580
3239 3581
3240 3582
3241 3582
3242 3583
3243 3584
3244 3585
3245 3586
3246 3587
3247 3588
3248 3589
3249 3590
3250 3591
3251 3592
3252 3593
3253 3594
3254 3595
3255 3596
3256 3596
3257 3597
3258 3598
3259 3599
3260 3600
3261 3601
3262 3602
3263 3603
3264 3604
3265 3605
3266 3606
3267 3607
3268 3608
3269 3609
3270 3610
3271 3610
3272 3611
3273 3612
3274 3613
3276 3614
3277 3615
3278 3616
3279 3617
3280 3618
3281 3619
3282 3620
3283 3621
3284 3622
3285 3623
3286 3623
3287 3624
3288 3625
3289 3626
3290 3627
3291 3628
3292 3629
3293 3630
3294 3631
3295 3632
3296 3633
3297 3634
3298 3635
3299 3636
3300 3636
3301 3637
3302 3638
3303 3639
3304 3640
3305 3641
3306 3642
3307 3643
3308 3644
3309 3645
3310 3646
3311 3647
3312 3648
3313 3649
3314 3649
3315 3650
3316 3651
3317 3652
3318 3653
3320 3654
3321 3655
3322 3656
3323 3657
3324 3658
3325 3659
3326 3660
3327 3661
3328 3661
3329 3662
3330 3663
3331 3664
3332 3665
3333 3666
3334 3667
3335 3668
3336 3669
3337 3670
3338 3671
3339 3672
3340 3673
3341 3673
3342 3674
3343 3675
3344 3676
3345 3677
3346 3678
3347 3679
3348 3680
3349 3681
3350 3682
3351 3683
3352 3684
3353 3685
3354 3685
3355 3686
3356 3687
3357 3688
3358 3689
3359 3690
3360 3691
3361 3692
3363 3693
3364 3694
3365 3695
3366 3696
3367 3697
3368 3697
3369 3698
3370 3699
3371 3700
3372 3701
3373 3702
3374 3703
3375 3704
3376 3705
3377 3706
3378 3707
3379 3708
3380 3708
3381 3709
3382 3710
3383 3711
3384 3712
3385 3713
3386 3714
3387 3715
3388 3716
3389 3717
3390 3718
3391 3719
3392 3719
3393 3720
3394 3721
3395 3722
3396 3723
3397 3724
3398 3725
3399 3726
3400 3727
3401 3728
3402 3729
3403 3730
3404 3730
3406 3731
3407 3732
3408 3733
3409 3734
3410 3735
3411 3736
3412 3737
3413 3738
3414 3739
3415 3740
3416 3740
3417 3741
3418 3742
3419 3743
3420 3744
3421 3745
3422 3746
3423 3747
3424 3748
3425 3749
3426 3750
3427 3751
3428 3751
3429 3752
3430 3753
3431 3754
3432 3755
3433 3756
3434 3757
3435 3758
3436 3759
3437 3760
3438 3761
3439 3761
3440 3762
3441 3763
3442 3764
3443 3765
3444 3766
3445 3767
3446 3768
3447 3769
3449 3770
3450 3771
3451 3771
3452 3772
3453 3773
3454 3774
3455 3775
3456 3776
3457 3777
3458 3778
3459 3779
3460 3780
3461 3781
3462 3781
3463 3782
3464 3783
3465 3784
3466 3785
3467 3786
3468 3787
3469 3788
3470 3789
3471 3790
3472 3791
3473 3791
3474 3792
3475 3793
3476 3794
3477 3795
3478 3796
3479 3797
3480 3798
3481 3799
3482 3800
3483 3800
3484 3801
3485 3802
3486 3803
3487 3804
3488 3805
3489 3806
3490 3807
3492 3808
3493 3809
3494 3810
3495 3810
3496 3811
3497 3812
3498 3813
3499 3814
3500 3815
3501 3816
3502 3817
3503 3818
3504 3819
3505 3819
3506 3820
3507 3821
3508 3822
3509 3823
3510 3824
3511 3825
3512 3826
3513 3827
3514 3828
3515 3828
3516 3829
3517 3830
3518 3831
3519 3832
3520 3833
3521 3834
3522 3835
3523 3836
3524 3837
3525 3837
3526 3838
3527 3839
3528 3840
3529 3841
3530 3842
3531 3843
3532 3844
3533 3845
3535 3846
3536 3846
3537 3847
3538 3848
3539 3849
3540 3850
3541 3851
3542 3852
3543 3853
3544 3854
3545 3855
3546 3855
3547 3856
3548 3857
3549 3858
3550 3859
3551 3860
3552 3861
3553 3862
3554 3863
3555 3864
3556 3864
3557 3865
3558 3866
3559 3867
3560 3868
3561 3869
3562 3870
3563 3871
3564 3872
3565 3872
3566 3873
3567 3874
3568 3875
3569 3876
3570 3877
3571 3878
3572 3879
3573 3880
3574 3881
3575 3881
3576 3882
3578 3883
3579 3884
3580 3885
3581 3886
3582 3887
3583 3888
3584 3889
3585 3889
3586 3890
3587 3891
3588 3892
3589 3893
3590 3894
3591 3895
3592 3896
3593 3897
3594 3897
3595 3898
3596 3899
3597 3900
3598 3901
3599 3902
3600 3903
3601 3904
3602 3905
3603 3905
3604 3906
3605 3907
3606 3908
3607 3909
3608 3910
3609 3911
3610 3912
3611 3913
3612 3914
3613 3914
3614 3915
3615 3916
3616 3917
3617 3918
3618 3919
3619 3920
3621 3921
3622 3922
3623 3922
3624 3923
3625 3924
3626 3925
3627 3926
3628 3927
3629 3928
3630 3929
3631 3929
3632 3930
3633 3931
3634 3932
3635 3933
3636 3934
3637 3935
3638 3936
3639 3937
3640 3937
3641 3938
3642 3939
3643 3940
3644 3941
3645 3942
3646 3943
3647 3944
3648 3945
3649 3945
3650 3946
3651 3947
3652 3948
3653 3949
3654 3950
3655 3951
3656 3952
3657 3953
3658 3953
3659 3954
3660 3955
3661 3956
3662 3957
3664 3958
3665 3959
3666 3960
3667 3960
3668 3961
3669 3962
3670 3963
3671 3964
3672 3965
3673 3966
3674 3967
3675 3968
3676 3968
3677 3969
3678 3970
3679 3971
3680 3972
3681 3973
3682 3974
3683 3975
3684 3975
3685 3976
3686 3977
3687 3978
3688 3979
3689 3980
3690 3981
3691 3982
3692 3983
3693 3983
3694 3984
3695 3985
3696 3986
3697 3987
3698 3988
3699 3989
3700 3990
3701 3990
3702 3991
3703 3992
3704 3993
3705 3994
3706 3995
3708 3996
3709 3997
3710 3997
3711 3998
3712 3999
3713 4000
3714 4001
3715 4002
3716 4003
3717 4004
3718 4004
3719 4005
3720 4006
3721 4007
3722 4008
3723 4009
3724 4010
3725 4011
3726 4012
3727 4012
3728 4013
3729 4014
3730 4015
3731 4016
3732 4017
3733 4018
3734 4019
3735 4019
3736 4020
3737 4021
3738 4022
3739 4023
3740 4024
3741 4025
3742 4026
3743 4026
3744 4027
3745 4028
3746 4029
3747 4030
3748 4031
3749 4032
3751 4033
3752 4033
3753 4034
3754 4035
3755 4036
3756 4037
3757 4038
3758 4039
3759 4039
3760 4040
3761 4041
3762 4042
3763 4043
3764 4044
3765 4045
3766 4046
3767 4046
3768 4047
3769 4048
3770 4049
3771 4050
3772 4051
3773 4052
3774 4053
3775 4053
3776 4054
3777 4055
3778 4056
3779 4057
3780 4058
3781 4059
3782 4060
3783 4060
3784 4061
3785 4062
3786 4063
3787 4064
3788 4065
3789 4066
3790 4066
3791 4067
3792 4068
3794 4069
3795 4070
3796 4071
3797 4072
3798 4073
3799 4073
3800 4074
3801 4075
3802 4076
3803 4077
3804 4078
3805 4079
3806 4080
3807 4080
3808 4081
3809 4082
3810 4083
3811 4084
3812 4085
3813 4086
3814 4086
3815 4087
3816 4088
3817 4089
3818 4090
3819 4091
3820 4092
3821 4093
3822 4093
3823 4094
3824 4095
3825 4095
3826 4095
3827 4095
3828 4095
3829 4095
3830 4095
3831 4095
3832 4095
3833 4095
3834 4095
3835 4095
3837 4095
3838 4095
3839 4095
3840 4095
3841 4095
3842 4095
3843 4095
3844 4095
3845 4095
3846 4095
3847 4095
3848 4095
3849 4095
3850 4095
3851 4095
3852 4095
3853 4095
3854 4095
3855 4095
3856 4095
3857 4095
3858 4095
3859 4095
3860 4095
3861 4095
3862 4095
3863 4095
3864 4095
3865 4095
3866 4095
3867 4095
3868 4095
3869 4095
3870 4095
3871 4095
3872 4095
3873 4095
3874 4095
3875 4095
3876 4095
3877 4095
3878 4095
3880 4095
3881 4095
3882 4095
3883 4095
3884 4095
3885 4095
3886 4095
3887 4095
3888 4095
3889 4095
3890 4095
3891 4095
3892 4095
3893 4095
3894 4095
3895 4095
3896 4095
3897 4095
3898 4095
3899 4095
3900 4095
3901 4095
3902 4095
3903 4095
3904 4095
3905 4095
3906 4095
3907 4095
3908 4095
3909 4095
3910 4095
3911 4095
3912 4095
3913 4095
3914 4095
3915 4095
3916 4095
3917 4095
3918 4095
3919 4095
3920 4095
3921 4095
3923 4095
3924 4095
3925 4095
3926 4095
3927 4095
3928 4095
3929 4095
3930 4095
3931 4095
3932 4095
3933 4095
3934 4095
3935 4095
3936 4095
3937 4095
3938 4095
3939 4095
3940 4095
3941 4095
3942 4095
3943 4095
3944 4095
3945 4095
3946 4095
3947 4095
3948 4095
3949 4095
3950 4095
3951 4095
3952 4095
3953 4095
3954 4095
3955 4095
3956 4095
3957 4095
3958 4095
3959 4095
3960 4095
3961 4095
3962 4095
3963 4095
3964 4095
3966 4095
3967 4095
3968 4095
3969 4095
3970 4095
3971 4095
3972 4095
3973 4095
3974 4095
3975 4095
3976 4095
3977 4095
3978 4095
3979 4095
3980 4095
3981 4095
3982 4095
3983 4095
3984 4095
3985 4095
3986 4095
3987 4095
3988 4095
3989 4095
3990 4095
3991 4095
3992 4095
3993 4095
3994 4095
3995 4095
3996 4095
3997 4095
3998 4095
3999 4095
4000 4095
4001 4095
4002 4095
4003 4095
4004 4095
4005 4095
4006 4095
4007 4095
4009 4095
4010 4095
4011 4095
4012 4095
