101 20
102 20
104 21
105 21
106 21
107 20
109 21
110 21
111 21
112 21
114 22
115 22
116 22
117 22
119 23
120 23
121 23
122 23
124 24
125 24
126 24
127 24
129 25
130 25
131 25
132 25
134 26
135 26
136 26
137 26
139 27
140 27
141 27
143 28
144 28
145 28
146 28
148 29
149 29
150 29
151 29
153 30
154 30
155 30
156 30
158 31
159 31
160 30
161 30
163 31
164 31
165 31
166 31
168 32
169 32
170 32
171 32
173 33
174 33
175 33
176 33
178 34
179 34
180 34
181 34
183 35
184 35
185 35
186 35
188 36
189 36
190 36
191 36
193 37
194 37
195 37
196 37
198 38
199 38
200 38
201 38
203 39
204 39
205 39
206 39
208 40
209 40
210 40
211 40
213 40
214 40
215 40
216 40
218 41
219 41
220 41
221 41
223 42
224 42
225 42
226 42
228 43
229 43
230 43
231 43
233 44
234 44
235 44
236 44
238 45
239 45
240 45
241 45
243 46
244 46
245 46
246 46
248 47
249 47
250 47
251 47
253 48
254 48
255 48
256 48
258 49
259 49
260 49
261 49
263 50
264 50
265 49
266 49
268 50
269 50
270 50
271 50
273 51
274 51
275 51
276 51
278 52
279 52
280 52
281 52
283 53
284 53
285 53
286 53
288 54
289 54
290 54
291 54
293 55
294 55
295 55
296 55
298 56
299 56
300 56
301 56
303 57
304 57
305 57
306 57
308 58
309 58
310 58
311 58
313 59
314 59
315 59
316 59
318 59
319 59
320 59
321 59
322 59
324 60
325 60
326 60
327 60
329 61
330 61
331 61
332 61
334 62
335 62
336 62
337 62
339 63
340 63
341 63
342 63
344 64
345 64
346 64
347 64
349 65
350 65
351 65
352 65
354 66
355 66
356 66
357 66
359 67
360 67
361 67
362 67
364 68
365 68
366 68
367 68
369 69
370 68
371 68
372 68
374 69
375 69
376 69
377 69
379 70
380 70
381 70
382 70
384 71
385 71
386 71
387 71
389 72
390 72
391 72
392 72
394 73
395 73
396 73
397 73
399 74
400 74
401 74
402 74
404 75
405 75
406 75
407 75
409 76
410 76
411 76
412 76
414 77
415 77
416 77
417 77
419 78
420 78
421 78
422 77
424 78
425 78
426 78
427 78
429 79
430 79
431 79
432 79
434 80
435 80
436 80
437 80
439 81
440 81
441 81
442 81
444 82
445 82
446 82
447 82
448 82
450 83
451 83
452 83
453 83
455 84
456 84
457 84
458 84
460 85
461 85
462 85
463 85
465 86
466 86
467 86
468 86
470 87
471 87
472 87
473 87
475 87
476 87
477 87
478 87
480 88
481 88
482 88
483 88
485 89
486 89
487 89
488 89
490 90
491 90
492 90
493 90
495 91
496 91
497 91
498 91
500 92
501 92
502 92
503 92
505 93
506 93
507 93
508 93
510 94
511 94
512 94
513 94
514 94
516 95
517 95
518 95
519 95
521 96
522 96
523 96
524 96
526 97
527 97
528 96
529 96
531 97
532 97
533 97
534 97
536 98
537 98
538 98
539 98
541 99
542 99
543 99
544 99
546 100
547 100
548 100
549 100
551 101
552 101
553 101
554 101
556 102
557 102
558 102
559 102
560 102
562 103
563 103
564 103
565 103
567 104
568 104
569 104
570 104
572 105
573 105
574 105
575 105
577 106
578 106
579 106
580 105
582 106
583 106
584 106
585 106
587 107
588 107
589 107
590 107
592 108
593 108
594 108
595 108
597 109
598 109
599 109
600 109
601 109
603 110
604 110
605 110
606 110
608 111
609 111
610 111
611 111
613 112
614 112
615 112
616 112
618 113
619 113
620 113
621 113
623 114
624 114
625 114
626 114
628 115
629 115
630 115
631 115
633 115
634 115
635 115
636 115
637 115
639 116
640 116
641 116
642 116
644 117
645 117
646 117
647 117
649 118
650 118
651 118
652 118
654 119
655 119
656 119
657 119
659 120
660 120
661 120
662 120
664 121
665 121
666 121
667 121
668 121
670 122
671 122
672 122
673 122
675 123
676 123
677 123
678 123
680 124
681 124
682 124
683 124
685 124
686 124
687 124
688 124
690 125
691 125
692 125
693 125
694 125
696 126
697 126
698 126
699 126
701 127
702 127
703 127
704 127
706 128
707 128
708 128
709 128
711 129
712 129
713 129
714 129
716 130
717 130
718 130
719 130
720 130
722 131
723 131
724 131
725 131
727 132
728 132
729 132
730 132
732 133
733 133
734 133
735 133
737 133
738 133
739 133
740 133
741 133
743 134
744 134
745 134
746 134
748 135
749 135
750 135
751 135
753 136
754 136
755 136
756 136
758 137
759 137
760 137
761 137
763 138
764 138
765 138
766 138
767 138
769 139
770 139
771 139
772 139
774 140
775 140
776 140
777 140
779 141
780 141
781 141
782 141
784 142
785 142
786 142
787 142
788 141
790 142
791 142
792 142
793 142
795 143
796 143
797 143
798 143
800 144
801 144
802 144
803 144
804 144
806 145
807 145
808 145
809 145
811 146
812 146
813 146
814 146
816 147
817 147
818 147
819 147
821 148
822 148
823 148
824 148
825 148
827 149
828 149
829 149
830 149
832 150
833 150
834 150
835 150
837 151
838 151
839 151
840 150
841 150
843 151
844 151
845 151
846 151
848 152
849 152
850 152
851 152
853 153
854 153
855 153
856 153
857 153
859 154
860 154
861 154
862 154
864 155
865 155
866 155
867 155
869 156
870 156
871 156
872 156
873 156
875 157
876 157
877 157
878 157
880 158
881 158
882 158
883 158
885 159
886 159
887 159
888 159
889 159
891 160
892 159
893 159
894 159
896 160
897 160
898 160
899 160
901 161
902 161
903 161
904 161
905 161
907 162
908 162
909 162
910 162
912 163
913 163
914 163
915 163
917 164
918 164
919 164
920 164
921 164
923 165
924 165
925 165
926 165
928 166
929 166
930 166
931 166
932 166
934 167
935 167
936 167
937 167
939 168
940 168
941 168
942 168
944 168
945 168
946 168
947 168
948 168
950 169
951 169
952 169
953 169
955 170
956 170
957 170
958 170
959 170
961 171
962 171
963 171
964 171
966 172
967 172
968 172
969 172
971 173
972 173
973 173
974 173
975 173
977 174
978 174
979 174
980 174
982 175
983 175
984 175
985 175
986 175
988 176
989 176
990 176
991 176
993 177
994 177
995 177
996 176
997 176
999 177
1000 177
1001 177
1002 177
1004 178
1005 178
1006 178
1007 178
1008 178
1010 179
1011 179
1012 179
1013 179
1015 180
1016 180
1017 180
1018 180
1019 180
1021 181
1022 181
1023 181
1024 181
1026 182
1027 182
1028 182
1029 182
1030 182
1032 183
1033 183
1034 183
1035 183
1037 184
1038 184
1039 184
1040 184
1041 184
1043 185
1044 185
1045 185
1046 185
1048 185
1049 185
1050 185
1051 185
1052 185
1054 186
1055 186
1056 186
1057 186
1059 187
1060 187
1061 187
1062 187
1063 187
1065 188
1066 188
1067 188
1068 188
1070 189
1071 189
1072 189
1073 189
1074 189
1076 190
1077 190
1078 190
1079 190
1081 191
1082 191
1083 191
1084 191
1085 191
1087 192
1088 192
1089 192
1090 192
1092 193
1093 193
1094 193
1095 193
1096 193
1098 194
1099 193
1100 193
1101 193
1102 193
1104 194
1105 194
1106 194
1107 194
1109 195
1110 195
1111 195
1112 195
1113 195
1115 196
1116 196
1117 196
1118 196
1120 197
1121 197
1122 197
1123 197
1124 197
1126 198
1127 198
1128 198
1129 198
1130 198
1132 199
1133 199
1134 199
1135 199
1137 200
1138 200
1139 200
1140 200
1141 200
1143 201
1144 201
1145 201
1146 201
1147 201
1149 202
1150 201
1151 201
1152 201
1154 202
1155 202
1156 202
1157 202
1158 202
1160 203
1161 203
1162 203
1163 203
1165 204
1166 204
1167 204
1168 204
1169 204
1171 205
1172 205
1173 205
1174 205
1175 205
1177 206
1178 206
1179 206
1180 206
1181 206
1183 207
1184 207
1185 207
1186 207
1188 208
1189 208
1190 208
1191 208
1192 208
1194 209
1195 209
1196 209
1197 209
1198 209
1200 210
1201 209
1202 209
1203 209
1205 210
1206 210
1207 210
1208 210
1209 210
1211 211
1212 211
1213 211
1214 211
1215 211
1217 212
1218 212
1219 212
1220 212
1221 212
1223 213
1224 213
1225 213
1226 213
1228 214
1229 214
1230 214
1231 214
1232 214
1234 215
1235 215
1236 215
1237 215
1238 215
1240 216
1241 216
1242 216
1243 216
1244 216
1246 217
1247 217
1248 217
1249 217
1251 218
1252 217
1253 217
1254 217
1255 217
1257 218
1258 218
1259 218
1260 218
1261 218
1263 219
1264 219
1265 219
1266 219
1267 219
1269 220
1270 220
1271 220
1272 220
1273 220
1275 221
1276 221
1277 221
1278 221
1280 222
1281 222
1282 222
1283 222
1284 222
1286 223
1287 223
1288 223
1289 223
1290 223
1292 224
1293 224
1294 224
1295 224
1296 224
1298 225
1299 225
1300 225
1301 225
1302 224
1304 225
1305 225
1306 225
1307 225
1308 225
1310 226
1311 226
1312 226
1313 226
1314 226
1316 227
1317 227
1318 227
1319 227
1320 227
1322 228
1323 228
1324 228
1325 228
1326 228
1328 229
1329 229
1330 229
1331 229
1333 230
1334 230
1335 230
1336 230
1337 230
1339 231
1340 231
1341 231
1342 231
1343 231
1345 232
1346 232
1347 232
1348 232
1349 232
1351 233
1352 233
1353 232
1354 232
1355 232
1357 233
1358 233
1359 233
1360 233
1361 233
1363 234
1364 234
1365 234
1366 234
1367 234
1369 235
1370 235
1371 235
1372 235
1373 235
1375 236
1376 236
1377 236
1378 236
1379 236
1381 237
1382 237
1383 237
1384 237
1385 237
1387 238
1388 238
1389 238
1390 238
1391 238
1393 239
1394 239
1395 239
1396 239
1397 239
1399 240
1400 240
1401 240
1402 240
1403 239
1405 240
1406 240
1407 240
1408 240
1409 240
1411 241
1412 241
1413 241
1414 241
1415 241
1416 241
1418 242
1419 242
1420 242
1421 242
1422 242
1424 243
1425 243
1426 243
1427 243
1428 243
1430 244
1431 244
1432 244
1433 244
1434 244
1436 245
1437 245
1438 245
1439 245
1440 245
1442 246
1443 246
1444 246
1445 246
1446 246
1448 247
1449 247
1450 247
1451 247
1452 247
1454 247
1455 247
1456 247
1457 247
1458 247
1460 248
1461 248
1462 248
1463 248
1464 248
1465 248
1467 249
1468 249
1469 249
1470 249
1471 249
1473 250
1474 250
1475 250
1476 250
1477 250
1479 251
1480 251
1481 251
1482 251
1483 251
1485 252
1486 252
1487 252
1488 252
1489 252
1491 253
1492 253
1493 253
1494 253
1495 253
1496 253
1498 254
1499 254
1500 254
1501 254
1502 254
1504 255
1505 254
1506 254
1507 254
1508 254
1510 255
1511 255
1512 255
1513 255
1514 255
1515 255
1517 256
1518 256
1519 256
1520 256
1521 256
1523 257
1524 257
1525 257
1526 257
1527 257
1529 258
1530 258
1531 258
1532 258
1533 258
1535 259
1536 259
1537 259
1538 259
1539 259
1540 259
1542 260
1543 260
1544 260
1545 260
1546 260
1548 261
1549 261
1550 261
1551 261
1552 261
1553 261
1555 261
1556 261
1557 261
1558 261
1559 261
1561 262
1562 262
1563 262
1564 262
1565 262
1567 263
1568 263
1569 263
1570 263
1571 263
1572 263
1574 264
1575 264
1576 264
1577 264
1578 264
1580 265
1581 265
1582 265
1583 265
1584 265
1585 265
1587 266
1588 266
1589 266
1590 266
1591 266
1593 267
1594 267
1595 267
1596 267
1597 267
1598 267
1600 268
1601 268
1602 268
1603 268
1604 267
1606 268
1607 268
1608 268
1609 268
1610 268
1611 268
1613 269
1614 269
1615 269
1616 269
1617 269
1619 270
1620 270
1621 270
1622 270
1623 270
1624 270
1626 271
1627 271
1628 271
1629 271
1630 271
1632 272
1633 272
1634 272
1635 272
1636 272
1637 272
1639 273
1640 273
1641 273
1642 273
1643 273
1644 273
1646 274
1647 274
1648 274
1649 274
1650 274
1652 275
1653 275
1654 274
1655 274
1656 274
1657 274
1659 275
1660 275
1661 275
1662 275
1663 275
1664 275
1666 276
1667 276
1668 276
1669 276
1670 276
1672 277
1673 277
1674 277
1675 277
1676 277
1677 277
1679 278
1680 278
1681 278
1682 278
1683 278
1684 278
1686 279
1687 279
1688 279
1689 279
1690 279
1692 280
1693 280
1694 280
1695 280
1696 280
1697 280
1699 281
1700 281
1701 281
1702 281
1703 280
1704 280
1706 281
1707 281
1708 281
1709 281
1710 281
1711 281
1713 282
1714 282
1715 282
1716 282
1717 282
1718 282
1720 283
1721 283
1722 283
1723 283
1724 283
1726 284
1727 284
1728 284
1729 284
1730 284
1731 284
1733 285
1734 285
1735 285
1736 285
1737 285
1738 285
1740 286
1741 286
1742 286
1743 286
1744 286
1745 286
1747 287
1748 287
1749 287
1750 287
1751 287
1752 286
1754 287
1755 287
1756 287
1757 287
1758 287
1759 287
1761 288
1762 288
1763 288
1764 288
1765 288
1766 288
1768 289
1769 289
1770 289
1771 289
1772 289
1773 289
1775 290
1776 290
1777 290
1778 290
1779 290
1780 290
1782 291
1783 291
1784 291
1785 291
1786 291
1787 291
1789 292
1790 292
1791 292
1792 292
1793 292
1794 292
1796 293
1797 293
1798 293
1799 293
1800 293
1801 292
1803 293
1804 293
1805 293
1806 293
1807 293
1808 293
1809 293
1811 294
1812 294
1813 294
1814 294
1815 294
1816 294
1818 295
1819 295
1820 295
1821 295
1822 295
1823 295
1825 296
1826 296
1827 296
1828 296
1829 296
1830 296
1832 297
1833 297
1834 297
1835 297
1836 297
1837 297
1839 298
1840 298
1841 298
1842 298
1843 298
1844 298
1845 298
1847 299
1848 299
1849 299
1850 298
1851 298
1852 298
1854 299
1855 299
1856 299
1857 299
1858 299
1859 299
1861 300
1862 300
1863 300
1864 300
1865 300
1866 300
1867 300
1869 301
1870 301
1871 301
1872 301
1873 301
1874 301
1876 302
1877 302
1878 302
1879 302
1880 302
1881 302
1883 303
1884 303
1885 303
1886 303
1887 303
1888 303
1889 303
1891 304
1892 304
1893 304
1894 304
1895 304
1896 304
1898 305
1899 304
1900 304
1901 304
1902 304
1903 304
1904 304
1906 305
1907 305
1908 305
1909 305
1910 305
1911 305
1913 306
1914 306
1915 306
1916 306
1917 306
1918 306
1919 306
1921 307
1922 307
1923 307
1924 307
1925 307
1926 307
1927 307
1929 308
1930 308
1931 308
1932 308
1933 308
1934 308
1936 309
1937 309
1938 309
1939 309
1940 309
1941 309
1942 309
1944 310
1945 310
1946 310
1947 310
1948 309
1949 309
1950 309
1952 310
1953 310
1954 310
1955 310
1956 310
1957 310
1959 311
1960 311
1961 311
1962 311
1963 311
1964 311
1965 311
1967 312
1968 312
1969 312
1970 312
1971 312
1972 312
1973 312
1975 313
1976 313
1977 313
1978 313
1979 313
1980 313
1981 313
1983 314
1984 314
1985 314
1986 314
1987 314
1988 314
1989 314
1991 315
1992 315
1993 315
1994 315
1995 315
1996 314
1997 314
1999 315
2000 315
2001 315
2002 315
2003 315
2004 315
2005 315
2007 316
2008 316
2009 316
2010 316
2011 316
2012 316
2013 316
2015 317
2016 317
2017 317
2018 317
2019 317
2020 317
2021 317
2023 318
2024 318
2025 318
2026 318
2027 318
2028 318
2029 318
2031 319
2032 319
2033 319
2034 319
2035 319
2036 319
2037 319
2039 320
2040 320
2041 320
2042 320
2043 320
2044 319
2045 319
2047 320
2048 320
2049 320
2050 320
2051 320
2052 320
2053 320
2055 321
2056 321
2057 321
2058 321
2059 321
2060 321
2061 321
2062 321
2064 322
2065 322
2066 322
2067 322
2068 322
2069 322
2070 322
2072 323
2073 323
2074 323
2075 323
2076 323
2077 323
2078 323
2080 324
2081 324
2082 324
2083 324
2084 324
2085 324
2086 324
2087 324
2089 325
2090 325
2091 325
2092 324
2093 324
2094 324
2095 324
2097 325
2098 325
2099 325
2100 325
2101 325
2102 325
2103 325
2104 325
2106 326
2107 326
2108 326
2109 326
2110 326
2111 326
2112 326
2114 327
2115 327
2116 327
2117 327
2118 327
2119 327
2120 327
2121 327
2123 328
2124 328
2125 328
2126 328
2127 328
2128 328
2129 328
2130 328
2132 329
2133 329
2134 329
2135 329
2136 329
2137 329
2138 329
2139 328
2141 329
2142 329
2143 329
2144 329
2145 329
2146 329
2147 329
2149 330
2150 330
2151 330
2152 330
2153 330
2154 330
2155 330
2156 330
2158 331
2159 331
2160 331
2161 331
2162 331
2163 331
2164 331
2165 331
2167 332
2168 332
2169 332
2170 332
2171 332
2172 332
2173 332
2174 332
2176 333
2177 333
2178 333
2179 333
2180 333
2181 333
2182 333
2183 333
2185 334
2186 334
2187 333
2188 333
2189 333
2190 333
2191 333
2192 333
2194 334
2195 334
2196 334
2197 334
2198 334
2199 334
2200 334
2201 334
2202 334
2204 335
2205 335
2206 335
2207 335
2208 335
2209 335
2210 335
2211 335
2213 336
2214 336
2215 336
2216 336
2217 336
2218 336
2219 336
2220 336
2222 337
2223 337
2224 337
2225 337
2226 337
2227 337
2228 337
2229 337
2230 337
2232 338
2233 338
2234 337
2235 337
2236 337
2237 337
2238 337
2239 337
2241 338
2242 338
2243 338
2244 338
2245 338
2246 338
2247 338
2248 338
2249 338
2251 339
2252 339
2253 339
2254 339
2255 339
2256 339
2257 339
2258 339
2259 339
2261 340
2262 340
2263 340
2264 340
2265 340
2266 340
2267 340
2268 340
2270 341
2271 341
2272 341
2273 341
2274 341
2275 341
2276 341
2277 341
2278 341
2280 342
2281 341
2282 341
2283 341
2284 341
2285 341
2286 341
2287 341
2288 341
2290 342
2291 342
2292 342
2293 342
2294 342
2295 342
2296 342
2297 342
2298 342
2300 343
2301 343
2302 343
2303 343
2304 343
2305 343
2306 343
2307 343
2308 343
2310 344
2311 344
2312 344
2313 344
2314 344
2315 344
2316 344
2317 344
2318 344
2319 344
2321 345
2322 345
2323 345
2324 345
2325 345
2326 345
2327 344
2328 344
2329 344
2331 345
2332 345
2333 345
2334 345
2335 345
2336 345
2337 345
2338 345
2339 345
2341 346
2342 346
2343 346
2344 346
2345 346
2346 346
2347 346
2348 346
2349 346
2350 346
2352 347
2353 347
2354 347
2355 347
2356 347
2357 347
2358 347
2359 347
2360 347
2361 347
2363 348
2364 348
2365 348
2366 348
2367 348
2368 348
2369 348
2370 348
2371 348
2373 349
2374 348
2375 348
2376 348
2377 348
2378 348
2379 348
2380 348
2381 348
2382 348
2384 349
2385 349
2386 349
2387 349
2388 349
2389 349
2390 349
2391 349
2392 349
2393 349
2395 350
2396 350
2397 350
2398 350
2399 350
2400 350
2401 350
2402 350
2403 350
2404 350
2405 350
2407 351
2408 351
2409 351
2410 351
2411 351
2412 351
2413 351
2414 351
2415 351
2416 351
2418 352
2419 352
2420 352
2421 351
2422 351
2423 351
2424 351
2425 351
2426 351
2427 351
2429 352
2430 352
2431 352
2432 352
2433 352
2434 352
2435 352
2436 352
2437 352
2438 352
2439 352
2441 353
2442 353
2443 353
2444 353
2445 353
2446 353
2447 353
2448 353
2449 353
2450 353
2451 353
2453 354
2454 354
2455 354
2456 354
2457 354
2458 354
2459 354
2460 354
2461 354
2462 354
2463 354
2465 355
2466 355
2467 354
2468 354
2469 354
2470 354
2471 354
2472 354
2473 354
2474 354
2475 354
2477 355
2478 355
2479 355
2480 355
2481 355
2482 355
2483 355
2484 355
2485 355
2486 355
2487 355
2488 355
2490 356
2491 356
2492 356
2493 356
2494 356
2495 356
2496 356
2497 356
2498 356
2499 356
2500 356
2502 357
2503 357
2504 357
2505 357
2506 357
2507 357
2508 357
2509 357
2510 357
2511 357
2512 356
2513 356
2515 357
2516 357
2517 357
2518 357
2519 357
2520 357
2521 357
2522 357
2523 357
2524 357
2525 357
2526 357
2528 358
2529 358
2530 358
2531 358
2532 358
2533 358
2534 358
2535 358
2536 358
2537 358
2538 358
2539 358
2541 359
2542 359
2543 359
2544 359
2545 359
2546 359
2547 359
2548 359
2549 359
2550 359
2551 359
2552 359
2553 359
2555 360
2556 360
2557 360
2558 359
2559 359
2560 359
2561 359
2562 359
2563 359
2564 359
2565 359
2566 359
2567 359
2569 360
2570 360
2571 360
2572 360
2573 360
2574 360
2575 360
2576 360
2577 360
2578 360
2579 360
2580 360
2581 360
2583 361
2584 361
2585 361
2586 361
2587 361
2588 361
2589 361
2590 361
2591 361
2592 361
2593 361
2594 361
2595 361
2597 362
2598 362
2599 362
2600 362
2601 362
2602 362
2603 361
2604 361
2605 361
2606 361
2607 361
2608 361
2609 361
2610 361
2612 362
2613 362
2614 362
2615 362
2616 362
2617 362
2618 362
2619 362
2620 362
2621 362
2622 362
2623 362
2624 362
2625 362
2627 363
2628 363
2629 363
2630 363
2631 363
2632 363
2633 363
2634 363
2635 363
2636 363
2637 363
2638 363
2639 363
2640 363
2641 363
2643 364
2644 364
2645 364
2646 364
2647 364
2648 363
2649 363
2650 363
2651 363
2652 363
2653 363
2654 363
2655 363
2656 363
2657 363
2659 364
2660 364
2661 364
2662 364
2663 364
2664 364
2665 364
2666 364
2667 364
2668 364
2669 364
2670 364
2671 364
2672 364
2673 364
2674 364
2676 365
2677 365
2678 365
2679 365
2680 365
2681 365
2682 365
2683 365
2684 365
2685 365
2686 365
2687 365
2688 365
2689 365
2690 365
2691 365
2693 365
2694 365
2695 365
2696 365
2697 365
2698 365
2699 365
2700 365
2701 365
2702 365
2703 365
2704 365
2705 365
2706 365
2707 365
2708 365
2709 365
2711 366
2712 366
2713 366
2714 366
2715 366
2716 366
2717 366
2718 366
2719 366
2720 366
2721 366
2722 366
2723 366
2724 366
2725 366
2726 366
2727 366
2729 367
2730 367
2731 367
2732 367
2733 367
2734 367
2735 367
2736 367
2737 366
2738 366
2739 366
2740 366
2741 366
2742 366
2743 366
2744 366
2745 366
2746 366
2748 367
2749 367
2750 367
2751 367
2752 367
2753 367
2754 367
2755 367
2756 367
2757 367
2758 367
2759 367
2760 367
2761 367
2762 367
2763 367
2764 367
2765 367
2766 367
2767 367
2769 368
2770 368
2771 368
2772 368
2773 368
2774 368
2775 368
2776 368
2777 368
2778 368
2779 368
2780 368
2781 367
2782 367
2783 367
2784 367
2785 367
2786 367
2787 367
2788 367
2790 368
2791 368
2792 368
2793 368
2794 368
2795 368
2796 368
2797 368
2798 368
2799 368
2800 368
2801 368
2802 368
2803 368
2804 368
2805 368
2806 368
2807 368
2808 368
2809 368
2810 368
2812 369
2813 369
2814 369
2815 369
2816 369
2817 369
2818 369
2819 369
2820 369
2821 369
2822 369
2823 369
2824 369
2825 368
2826 368
2827 368
2828 368
2829 368
2830 368
2831 368
2832 368
2833 368
2834 368
2835 368
2837 369
2838 369
2839 369
2840 369
2841 369
2842 369
2843 369
2844 369
2845 369
2846 369
2847 369
2848 369
2849 369
2850 369
2851 369
2852 369
2853 369
2854 369
2855 369
2856 369
2857 369
2858 369
2859 369
2860 369
2861 369
2863 370
2864 370
2865 370
2866 370
2867 370
2868 370
2869 370
2870 369
2871 369
2872 369
2873 369
2874 369
2875 369
2876 369
2877 369
2878 369
2879 369
2880 369
2881 369
2882 369
2883 369
2884 369
2885 369
2886 369
2887 369
2888 369
2889 369
2890 369
2892 370
2893 370
2894 370
2895 370
2896 370
2897 370
2898 370
2899 370
2900 370
2901 370
2902 370
2903 370
2904 370
2905 370
2906 370
2907 370
2908 370
2909 370
2910 370
2911 370
2912 370
2913 369
2914 369
2915 369
2916 369
2917 369
2918 369
2919 369
2920 369
2921 369
2922 369
2924 370
2925 370
2926 370
2927 370
2928 370
2929 370
2930 370
2931 370
2932 370
2933 370
2934 370
2935 370
2936 370
2937 370
2938 370
2939 370
2940 370
2941 370
2942 370
2943 370
2944 370
2945 370
2946 370
2947 370
2948 370
2949 370
2950 370
2951 370
2952 370
2953 370
2954 370
2955 370
2956 369
2957 369
2958 369
2959 369
2960 369
2962 370
2963 370
2964 370
2965 370
2966 370
2967 370
2968 370
2969 370
2970 370
2971 370
2972 370
2973 370
2974 370
2975 370
2976 370
2977 370
2978 370
2979 370
2980 370
2981 370
2982 370
2983 370
2984 370
2985 370
2986 370
2987 370
2988 370
2989 370
2990 370
2991 370
2992 370
2993 370
2994 370
2995 370
2996 370
2997 370
2998 370
2999 369
3000 369
3001 369
3002 369
3003 369
3004 369
3005 369
3006 369
3007 369
3008 369
3009 369
3011 370
3012 370
3013 370
3014 370
3015 370
3016 370
3017 370
3018 370
3019 370
3020 370
3021 370
3022 370
3023 370
3024 370
3025 370
3026 370
3027 370
3028 370
3029 370
3030 370
3031 370
3032 370
3033 370
3034 370
3035 370
3036 370
3037 370
3038 370
3039 370
3040 370
3041 370
3042 369
3043 369
3044 369
3045 369
3046 369
3047 369
3048 369
3049 369
3050 369
3051 369
3052 369
3053 369
3054 369
3055 369
3056 369
3057 369
3058 369
3059 369
3060 369
3061 369
3062 369
3063 369
3064 369
3065 369
3066 369
3067 369
3068 369
3069 369
3070 369
3071 369
3072 369
3073 369
3074 369
3075 369
3076 369
3077 369
3078 369
3079 369
3080 369
3081 369
3082 369
3083 369
3084 368
3085 368
3086 368
3087 368
3088 368
3089 368
3090 368
3091 368
3092 368
3093 368
3094 368
3095 368
3096 368
3097 368
3098 368
3099 368
3100 368
3101 368
3102 368
3103 368
3105 369
3106 369
3107 369
3108 369
3109 369
3110 369
3111 369
3112 369
3113 369
3114 369
3115 369
3116 369
3117 369
3118 369
3119 369
3120 369
3121 369
3122 369
3123 369
3124 369
3125 369
3126 369
3127 368
3128 368
3129 368
3130 368
3131 368
3132 368
3133 368
3134 368
3135 368
3136 368
3137 368
3138 368
3139 368
3140 368
3141 368
3142 368
3143 368
3144 368
3145 368
3146 368
3147 368
3148 368
3149 368
3150 368
3151 368
3152 368
3153 368
3154 368
3155 368
3156 368
3157 368
3158 368
3159 368
3160 368
3161 368
3162 368
3162 367
3163 367
3164 367
3165 367
3166 367
3167 367
3168 366
3169 366
3170 366
3171 366
3172 366
3173 366
3174 366
3175 366
3176 366
3177 366
3178 366
3179 366
3180 366
3181 366
3182 366
3183 366
3184 366
3185 366
3186 366
3187 366
3188 366
3189 366
3190 366
3191 366
3192 366
3193 366
3194 366
3195 366
3196 366
3197 366
3198 366
3199 366
3200 366
3201 366
3202 366
3203 366
3204 366
3205 366
3206 366
3207 366
3208 366
3209 366
3210 365
3211 365
3212 365
3213 365
3214 365
3215 365
3216 365
3217 365
3218 365
3219 365
3220 365
3221 365
3222 365
3223 365
3224 365
3225 365
3226 365
3227 365
3228 365
3229 365
3230 365
3231 365
3232 365
3233 365
3234 365
3235 365
3236 365
3237 365
3238 365
3239 365
3240 365
3241 365
3242 365
3243 365
3244 365
3245 365
3246 365
3247 365
3248 365
3249 365
3250 365
3251 365
3252 365
3253 364
3254 364
3254 363
3255 363
3256 363
3257 363
3258 363
3259 363
3260 363
3261 363
3262 363
3263 363
3264 363
3265 363
3266 363
3267 363
3268 363
3269 363
3270 363
3271 363
3272 363
3273 363
3274 363
3275 363
3276 363
3277 363
3278 363
3279 363
3280 363
3281 363
3282 363
3283 363
3284 363
3285 363
3286 363
3287 363
3288 363
3289 363
3290 363
3291 363
3292 363
3293 363
3294 362
3295 362
3296 362
3297 362
3298 362
3299 362
3300 362
3301 362
3302 362
3302 361
3303 361
3304 361
3305 361
3306 361
3307 361
3308 361
3309 361
3310 361
3311 361
3312 361
3313 361
3314 361
3315 361
3316 361
3317 361
3318 361
3319 361
3320 361
3321 361
3322 361
3323 361
3324 361
3325 361
3326 361
3327 361
3328 361
3329 361
3330 361
3331 361
3332 361
3333 361
3334 361
3335 360
3336 360
3337 360
3338 360
3338 359
3339 359
3340 359
3341 359
3342 359
3343 359
3344 359
3345 359
3346 359
3347 359
3348 359
3349 359
3350 359
3351 359
3352 359
3353 359
3354 359
3355 359
3356 359
3357 359
3358 359
3359 359
3360 359
3361 359
3362 359
3363 359
3364 359
3365 359
3366 359
3367 359
3368 359
3369 359
3369 358
3370 358
3371 358
3372 358
3373 358
3374 358
3375 357
3376 357
3377 357
3378 357
3379 357
3380 357
3381 357
3382 357
3383 357
3384 357
3385 357
3386 357
3387 357
3388 357
3389 357
3390 357
3391 357
3392 357
3393 357
3394 357
3395 357
3396 357
3396 356
3397 356
3398 356
3399 356
3400 356
3401 356
3402 356
3403 356
3404 356
3405 356
3406 356
3407 356
3408 356
3409 356
3410 356
3411 356
3412 356
3413 356
3414 356
3415 356
3416 355
3417 355
3418 355
3419 355
3420 355
3420 354
3421 354
3422 354
3423 354
3424 354
3425 354
3426 354
3427 354
3428 354
3429 354
3430 354
3431 354
3432 354
3433 354
3434 354
3435 354
3436 354
3437 354
3438 354
3439 354
3440 354
3441 354
3442 354
3443 354
3443 353
3444 353
3445 353
3446 353
3447 353
3448 353
3449 353
3450 353
3451 353
3452 353
3453 353
3454 353
3455 353
3456 352
3457 352
3458 352
3459 352
3460 352
3461 352
3462 352
3463 352
3463 351
3464 351
3465 351
3466 351
3467 351
3468 351
3469 351
3470 351
3471 351
3472 351
3473 351
3474 351
3475 351
3476 351
3477 351
3478 351
3479 351
3480 351
3481 351
3482 351
3483 351
3483 350
3484 350
3485 350
3486 350
3487 350
3488 350
3489 350
3490 350
3491 350
3492 350
3493 350
3494 350
3495 350
3496 349
3497 349
3498 349
3499 349
3500 349
3501 349
3501 348
3502 348
3503 348
3504 348
3505 348
3506 348
3507 348
3508 348
3509 348
3510 348
3511 348
3512 348
3513 348
3514 348
3515 348
3516 348
3517 348
3518 348
3519 348
3519 347
3520 347
3521 347
3522 347
3523 347
3524 347
3525 347
3526 347
3527 347
3528 347
3529 347
3530 347
3531 347
3532 347
3533 347
3534 347
3535 347
3535 345
3536 345
3537 345
3538 345
3539 345
3540 345
3541 345
3542 345
3543 345
3544 345
3545 345
3546 345
3547 345
3548 345
3549 345
3550 345
3551 345
3551 344
3552 344
3553 344
3554 344
3555 344
3556 344
3557 344
3558 344
3559 344
3560 344
3561 344
3562 344
3563 344
3564 344
3565 344
3566 344
3567 344
3567 343
3568 343
3569 343
3570 343
3571 343
3572 343
3573 343
3574 343
3575 342
3576 342
3577 342
3578 342
3579 342
3580 342
3581 342
3582 342
3582 341
3583 341
3584 341
3585 341
3586 341
3587 341
3588 341
3589 341
3590 341
3591 341
3592 341
3593 341
3594 341
3595 341
3596 341
3596 340
3597 340
3598 340
3599 340
3600 340
3601 340
3602 340
3603 340
3604 340
3605 340
3606 340
3607 340
3608 340
3609 340
3610 340
3610 339
3611 339
3612 339
3613 339
3614 338
3615 338
3616 338
3617 338
3618 338
3619 338
3620 338
3621 338
3622 338
3623 338
3623 337
3624 337
3625 337
3626 337
3627 337
3628 337
3629 337
3630 337
3631 337
3632 337
3633 337
3634 337
3635 337
3636 337
3636 336
3637 336
3638 336
3639 336
3640 336
3641 336
3642 336
3643 336
3644 336
3645 336
3646 336
3647 336
3648 336
3649 336
3649 335
3650 335
3651 335
3652 335
3653 335
3654 334
3655 334
3656 334
3657 334
3658 334
3659 334
3660 334
3661 334
3661 333
3662 333
3663 333
3664 333
3665 333
3666 333
3667 333
3668 333
3669 333
3670 333
3671 333
3672 333
3673 333
3673 332
3674 332
3675 332
3676 332
3677 332
3678 332
3679 332
3680 332
3681 332
3682 332
3683 332
3684 332
3685 332
3685 331
3686 331
3687 331
3688 331
3689 331
3690 331
3691 331
3692 331
3693 330
3694 330
3695 330
3696 330
3697 330
3697 329
3698 329
3699 329
3700 329
3701 329
3702 329
3703 329
3704 329
3705 329
3706 329
3707 329
3708 329
3708 328
3709 328
3710 328
3711 328
3712 328
3713 328
3714 328
3715 328
3716 328
3717 328
3718 328
3719 328
3719 327
3720 327
3721 327
3722 327
3723 327
3724 327
3725 327
3726 327
3727 327
3728 327
3729 327
3730 327
3730 326
3731 325
3732 325
3733 325
3734 325
3735 325
3736 325
3737 325
3738 325
3739 325
3740 325
3740 324
3741 324
3742 324
3743 324
3744 324
3745 324
3746 324
3747 324
3748 324
3749 324
3750 324
3751 324
3751 323
3752 323
3753 323
3754 323
3755 323
3756 323
3757 323
3758 323
3759 323
3760 323
3761 323
3761 322
3762 322
3763 322
3764 322
3765 322
3766 322
3767 322
3768 322
3769 322
3770 321
3771 321
3771 320
3772 320
3773 320
3774 320
3775 320
3776 320
3777 320
3778 320
3779 320
3780 320
3781 320
3781 319
3782 319
3783 319
3784 319
3785 319
3786 319
3787 319
3788 319
3789 319
3790 319
3791 319
3791 318
3792 318
3793 318
3794 318
3795 318
3796 318
3797 318
3798 318
3799 318
3800 318
3800 317
3801 317
3802 317
3803 317
3804 317
3805 317
3806 317
3807 317
3808 316
3809 316
3810 316
3810 315
3811 315
3812 315
3813 315
3814 315
3815 315
3816 315
3817 315
3818 315
3819 315
3819 314
3820 314
3821 314
3822 314
3823 314
3824 314
3825 314
3826 314
3827 314
3828 314
3828 313
3829 313
3830 313
3831 313
3832 313
3833 313
3834 313
3835 313
3836 313
3837 313
3837 312
3838 312
3839 312
3840 312
3841 312
3842 312
3843 312
3844 312
3845 312
3846 311
3846 310
3847 310
3848 310
3849 310
3850 310
3851 310
3852 310
3853 310
3854 310
3855 310
3855 309
3856 309
3857 309
3858 309
3859 309
3860 309
3861 309
3862 309
3863 309
3864 309
3864 308
3865 308
3866 308
3867 308
3868 308
3869 308
3870 308
3871 308
3872 308
3872 307
3873 307
3874 307
3875 307
3876 307
3877 307
3878 307
3879 307
3880 307
3881 307
3881 306
3882 306
3883 305
3884 305
3885 305
3886 305
3887 305
3888 305
3889 305
3889 304
3890 304
3891 304
3892 304
3893 304
3894 304
3895 304
3896 304
3897 304
3897 303
3898 303
3899 303
3900 303
3901 303
3902 303
3903 303
3904 303
3905 303
3905 302
3906 302
3907 302
3908 302
3909 302
3910 302
3911 302
3912 302
3913 302
3914 302
3914 301
3915 301
3916 301
3917 301
3918 301
3919 301
3920 301
3921 300
3922 300
3922 299
3923 299
3924 299
3925 299
3926 299
3927 299
3928 299
3929 299
3929 298
3930 298
3931 298
3932 298
3933 298
3934 298
3935 298
3936 298
3937 298
3937 297
3938 297
3939 297
3940 297
3941 297
3942 297
3943 297
3944 297
3945 297
3945 296
3946 296
3947 296
3948 296
3949 296
3950 296
3951 296
3952 296
3953 296
3953 295
3954 295
3955 295
3956 295
3957 295
3958 294
3959 294
3960 294
3960 293
3961 293
3962 293
3963 293
3964 293
3965 293
3966 293
3967 293
3968 293
3968 292
3969 292
3970 292
3971 292
3972 292
3973 292
3974 292
3975 292
3975 291
3976 291
3977 291
3978 291
3979 291
3980 291
3981 291
3982 291
3983 291
3983 290
3984 290
3985 290
3986 290
3987 290
3988 290
3989 290
3990 290
3990 289
3991 289
3992 289
3993 289
3994 289
3995 289
3996 288
3997 288
3997 287
3998 287
3999 287
4000 287
4001 287
4002 287
4003 287
4004 287
4004 286
4005 286
4006 286
4007 286
4008 286
4009 286
4010 286
4011 286
4012 286
4012 285
4013 285
4014 285
4015 285
4016 285
4017 285
4018 285
4019 285
4019 284
4020 284
4021 284
4022 284
4023 284
4024 284
4025 284
4026 284
4026 283
4027 283
4028 283
4029 283
4030 283
4031 283
4032 283
4033 282
4033 281
4034 281
4035 281
4036 281
4037 281
4038 281
4039 281
4039 280
4040 280
4041 280
4042 280
4043 280
4044 280
4045 280
4046 280
4046 279
4047 279
4048 279
4049 279
4050 279
4051 279
4052 279
4053 279
4053 278
4054 278
4055 278
4056 278
4057 278
4058 278
4059 278
4060 278
4060 277
4061 277
4062 277
4063 277
4064 277
4065 277
4066 277
4066 276
4067 276
4068 276
4069 275
4070 275
4071 275
4072 275
4073 275
4073 274
4074 274
4075 274
4076 274
4077 274
4078 274
4079 274
4080 274
4080 273
4081 273
4082 273
4083 273
4084 273
4085 273
4086 273
4086 272
4087 272
4088 272
4089 272
4090 272
4091 272
4092 272
4093 272
4093 271
4094 271
4095 271
4095 270
4095 269
4095 268
4095 267
4095 266
4095 265
4095 264
4095 263
4095 262
4095 261
4095 260
4095 258
4095 257
4095 256
4095 255
4095 254
4095 253
4095 252
4095 251
4095 250
4095 249
4095 248
4095 247
4095 246
4095 245
4095 244
4095 243
4095 242
4095 241
4095 240
4095 239
4095 238
4095 237
4095 236
4095 235
4095 234
4095 233
4095 232
4095 231
4095 230
4095 229
4095 228
4095 227
4095 226
4095 225
4095 224
4095 223
4095 222
4095 221
4095 220
4095 219
4095 218
4095 217
4095 215
4095 214
4095 213
4095 212
4095 211
4095 210
4095 209
4095 208
4095 207
4095 206
4095 205
4095 204
4095 203
4095 202
4095 201
4095 200
4095 199
4095 198
4095 197
4095 196
4095 195
4095 194
4095 193
4095 192
4095 191
4095 190
4095 189
4095 188
4095 187
4095 186
4095 185
4095 184
4095 183
4095 182
4095 181
4095 180
4095 179
4095 178
4095 177
4095 176
4095 175
4095 174
4095 172
4095 171
4095 170
4095 169
4095 168
4095 167
4095 166
4095 165
4095 164
4095 163
4095 162
4095 161
4095 160
4095 159
4095 158
4095 157
4095 156
4095 155
4095 154
4095 153
4095 152
4095 151
4095 150
4095 149
4095 148
4095 147
4095 146
4095 145
4095 144
4095 143
4095 142
4095 141
4095 140
4095 139
4095 138
4095 137
4095 136
4095 135
4095 134
4095 133
4095 132
4095 131
4095 129
4095 128
4095 127
4095 126
4095 125
4095 124
4095 123
4095 122
4095 121
4095 120
4095 119
4095 118
4095 117
4095 116
4095 115
4095 114
4095 113
4095 112
4095 111
4095 110
4095 109
4095 108
4095 107
4095 106
4095 105
4095 104
4095 103
4095 102
4095 101
4095 100
4095 99
4095 98
4095 97
4095 96
4095 95
4095 94
4095 93
4095 92
4095 91
4095 90
4095 89
4095 88
4095 86
4095 85
4095 84
4095 83
